2.000,186.0
2.033,188.4
2.067,192.0
2.100,196.8
2.133,202.6
2.167,209.4
2.200,216.7
2.233,224.0
2.267,229.0
2.300,231.7
2.333,233.0
2.367,233.4
2.400,233.2
2.433,232.5
2.467,230.5
2.500,227.2
2.533,222.2
2.567,214.3
2.600,201.7
2.633,190.5
2.667,186.0
2.700,185.2
2.733,186.0
2.767,188.4
2.800,197.3
2.833,203.3
2.867,210.0
2.900,217.8
2.933,225.6
2.967,229.9
3.000,232.0
3.033,233.3
3.067,234.0
3.100,234.0
3.133,233.4
3.167,231.1
3.200,227.5
3.233,222.7
3.267,215.5
3.300,204.1
3.333,194.8
3.367,190.9
3.400,190.0
3.433,190.9
3.467,193.5
3.500,197.3
3.533,203.9
3.567,209.6
3.600,216.1
3.633,222.5
3.667,227.7
3.700,230.6
3.733,232.6
3.767,233.6
3.800,234.2
3.833,233.9
3.867,232.7
3.900,230.1
3.933,226.6
3.967,222.0
4.000,214.9
4.033,205.0
4.067,193.2
4.100,190.4
4.133,189.7
4.167,191.0
4.200,193.5
4.233,198.0
4.267,203.1
4.300,209.5
4.333,216.1
4.367,222.8
4.400,227.0
4.433,229.9
4.467,231.5
4.500,232.9
4.533,233.4
4.567,232.7
4.600,230.9
4.633,228.0
4.667,224.0
4.700,217.9
4.733,208.2
4.767,197.9
4.800,191.5
4.833,189.3
4.867,189.2
4.900,191.3
4.933,194.4
4.967,199.3
5.000,205.0
5.033,211.6
5.067,218.5
5.100,225.3
5.133,229.0
5.167,231.6
5.200,233.0
5.233,234.0
5.267,234.3
5.300,233.6
5.333,231.6
5.367,228.6
5.400,224.1
5.433,217.7
5.467,207.6
5.500,198.3
5.533,193.1
5.567,191.5
5.600,192.3
5.633,194.4
5.667,197.7
5.700,203.5
5.733,209.3
5.767,215.9
5.800,221.8
5.833,227.0
5.867,230.3
5.900,232.7
5.933,234.0
5.967,235.0
6.000,235.3
6.033,234.6
6.067,232.2
6.100,228.5
6.133,223.5
6.167,212.9
6.200,200.7
6.233,191.6
6.267,187.9
6.300,187.0
6.333,188.3
6.367,191.3
6.400,195.6
6.433,200.9
6.467,207.5
6.500,214.5
6.533,221.9
6.567,227.4
6.600,231.3
6.633,233.6
6.667,235.0
6.700,235.2
6.733,235.3
6.767,234.5
6.800,231.9
6.833,227.4
6.867,221.2
6.900,211.4
6.933,199.3
6.967,191.0
7.000,187.6
7.033,187.1
7.067,188.5
7.100,191.4
7.133,196.2
7.167,201.7
7.200,208.4
7.233,215.5
7.267,223.9
7.300,229.7
7.333,233.1
7.367,235.4
7.400,236.2
7.433,236.4
7.467,236.0
7.500,235.0
7.533,232.7
7.567,228.1
7.600,222.3
7.633,213.3
7.667,201.4
7.700,193.9
7.733,187.8
7.767,187.4
7.800,188.8
7.833,191.7
7.867,195.9
7.900,201.5
7.933,207.5
7.967,214.9
8.000,221.9
8.033,228.7
8.067,232.8
8.100,234.9
8.133,235.5
8.167,235.9
8.200,235.7
8.233,234.6
8.267,232.1
8.300,227.3
8.333,220.1
8.367,210.1
8.400,197.5
8.433,188.8
8.467,185.3
8.500,184.8
8.533,186.3
8.567,189.2
8.600,193.4
8.633,198.9
8.667,205.3
8.700,212.4
8.733,220.3
8.767,227.0
8.800,232.3
8.833,234.6
8.867,236.1
8.900,236.9
8.933,236.7
8.967,235.3
9.000,232.6
9.033,228.2
9.067,221.6
9.100,212.4
9.133,200.1
9.167,191.4
9.200,187.6
9.233,187.2
9.267,188.3
9.300,190.8
9.333,194.7
9.367,202.8
9.400,208.2
9.433,214.8
9.467,221.4
9.500,227.7
9.533,232.6
9.567,234.7
9.600,235.8
9.633,236.1
9.667,235.7
9.700,234.5
9.733,232.0
9.767,228.3
9.800,222.3
9.833,213.2
9.867,201.6
9.900,189.1
9.933,185.8
9.967,185.2
10.000,186.4
10.033,189.4
10.067,193.2
10.100,198.3
10.133,204.4
10.167,211.3
10.200,218.7
10.233,226.0
10.267,231.7
10.300,234.0
10.333,234.9
10.367,235.0
10.400,234.6
10.433,233.4
10.467,230.8
10.500,226.4
10.533,219.8
10.567,209.4
10.600,197.1
10.633,188.9
10.667,185.7
10.700,185.4
10.733,187.0
10.767,190.2
10.800,194.3
10.833,199.6
10.867,205.9
10.900,213.1
10.933,220.7
10.967,228.9
11.000,233.6
11.033,235.1
11.067,235.4
11.100,235.6
11.133,235.1
11.167,233.7
11.200,230.6
11.233,226.1
11.267,219.6
11.300,209.8
11.333,198.9
11.367,191.9
11.400,189.3
11.433,189.7
11.467,191.7
11.500,196.1
11.533,200.5
11.567,206.0
11.600,212.0
11.633,218.8
11.667,225.6
11.700,232.2
11.733,234.9
11.767,235.9
11.800,236.0
11.833,236.0
11.867,235.3
11.900,233.4
11.933,230.1
11.967,225.5
12.000,216.6
12.033,206.1
12.067,195.6
12.100,190.1
12.133,188.1
12.167,189.1
12.200,191.5
12.233,195.4
12.267,200.3
12.300,206.6
12.333,213.6
12.367,221.1
12.400,228.4
12.433,233.0
12.467,234.6
12.500,235.0
12.533,234.6
12.567,234.2
12.600,233.1
12.633,230.4
12.667,226.3
12.700,220.6
12.733,212.0
12.767,201.6
12.800,193.3
12.833,190.1
12.867,189.8
12.900,191.4
12.933,194.5
12.967,199.1
13.000,204.7
13.033,211.3
13.067,218.6
13.100,225.9
13.133,231.6
13.167,233.6
13.200,234.5
13.233,234.6
13.267,234.2
13.300,233.6
13.333,231.3
13.367,227.8
13.400,223.1
13.433,216.4
13.467,206.8
13.500,198.4
13.533,194.0
13.567,193.2
13.600,194.7
13.633,197.3
13.667,201.2
13.700,206.1
13.733,212.0
13.767,218.6
13.800,224.7
13.833,230.0
13.867,232.4
13.900,233.4
13.933,233.6
13.967,233.9
14.000,233.2
14.033,231.5
14.067,228.6
14.100,224.4
14.133,218.6
14.167,209.4
14.200,196.9
14.233,191.9
14.267,190.6
14.300,191.1
14.333,193.4
14.367,197.2
14.400,202.4
14.433,208.1
14.467,215.1
14.500,222.0
14.533,227.4
14.567,229.9
14.600,231.4
14.633,232.1
14.667,232.3
14.700,232.1
14.733,231.2
14.767,228.6
14.800,224.5
14.833,217.9
14.867,207.5
14.900,197.1
14.933,191.5
14.967,189.5
15.000,189.8
15.033,192.0
15.067,195.4
15.100,200.4
15.133,206.4
15.167,213.2
15.200,220.3
15.233,227.7
15.267,231.1
15.300,232.8
15.333,233.4
15.367,234.0
15.400,234.0
15.433,233.5
15.467,231.2
15.500,227.7
15.533,222.2
15.567,212.4
15.600,201.7
15.633,195.3
15.667,192.9
15.700,192.8
15.733,194.9
15.767,198.1
15.800,204.1
15.833,209.5
15.867,215.5
15.900,222.3
15.933,228.8
15.967,232.8
16.000,234.6
16.033,235.7
16.067,236.3
16.100,236.3
16.133,235.5
16.167,233.2
16.200,229.9
16.233,224.6
16.267,216.0
16.300,205.1
16.333,193.1
16.367,190.0
16.400,189.6
16.433,191.2
16.467,194.5
16.500,198.7
16.533,204.7
16.567,211.2
16.600,218.5
16.633,225.9
16.667,231.8
16.700,234.3
16.733,235.7
16.767,236.2
16.800,236.6
16.833,235.8
16.867,233.7
16.900,230.2
16.933,224.9
16.967,215.7
17.000,203.3
17.033,193.7
17.067,189.4
17.100,188.7
17.133,189.7
17.167,192.6
17.200,196.9
17.233,202.3
17.267,208.8
17.300,216.3
17.333,223.9
17.367,230.9
17.400,234.4
17.433,236.1
17.467,237.0
17.500,237.2
17.533,236.7
17.567,235.1
17.600,232.1
17.633,227.7
17.667,221.0
17.700,209.8
17.733,198.7
17.767,193.0
17.800,190.8
17.833,191.2
17.867,193.1
17.900,196.8
17.933,203.4
17.967,209.0
18.000,215.3
18.033,222.5
18.067,229.1
18.100,233.2
18.133,235.0
18.167,236.0
18.200,236.4
18.233,236.0
18.267,235.4
18.300,233.6
18.333,230.7
18.367,225.3
18.400,215.6
18.433,203.7
18.467,191.2
18.500,187.5
18.533,187.0
18.567,188.8
18.600,191.8
18.633,196.0
18.667,201.4
18.700,208.2
18.733,215.6
18.767,223.3
18.800,230.4
18.833,233.8
18.867,235.4
18.900,235.9
18.933,236.0
18.967,235.2
19.000,233.6
19.033,231.1
19.067,226.5
19.100,217.5
19.133,203.1
19.167,190.7
19.200,185.9
19.233,184.7
19.267,185.5
19.300,188.0
19.333,191.6
19.367,196.2
19.400,202.1
19.433,208.9
19.467,216.2
19.500,224.3
19.533,231.5
19.567,235.8
19.600,237.0
19.633,237.4
19.667,236.9
19.700,236.3
19.733,234.4
19.767,231.2
19.800,225.6
19.833,215.3
19.867,203.4
19.900,193.2
19.933,190.0
19.967,189.4
20.000,190.4
20.033,193.1
20.067,196.9
20.100,201.7
20.133,207.4
20.167,214.3
20.200,221.0
20.233,228.0
20.267,234.2
20.300,237.4
20.333,238.2
20.367,238.3
20.400,237.5
20.433,236.3
20.467,234.0
20.500,229.5
20.533,222.4
20.567,209.2
20.600,197.7
20.633,190.7
20.667,188.5
20.700,188.2
20.733,190.2
20.767,193.4
20.800,197.5
20.833,202.6
20.867,208.9
20.900,215.6
20.933,222.9
20.967,229.9
21.000,235.6
21.033,237.5
21.067,237.9
21.100,237.5
21.133,236.5
21.167,234.3
21.200,230.2
21.233,223.6
21.267,213.0
21.300,200.6
21.333,192.2
21.367,189.4
21.400,189.3
21.433,190.7
21.467,193.6
21.500,197.7
21.533,203.1
21.567,208.9
21.600,215.6
21.633,222.9
21.667,231.3
21.700,236.6
21.733,238.6
21.767,239.0
21.800,238.7
21.833,237.2
21.867,234.5
21.900,230.0
21.933,224.4
21.967,214.6
22.000,202.9
22.033,195.5
22.067,193.0
22.100,193.0
22.133,194.6
22.167,198.1
22.200,202.5
22.233,207.5
22.267,213.2
22.300,219.9
22.333,226.9
22.367,233.7
22.400,238.0
22.433,239.5
22.467,239.7
22.500,238.8
22.533,236.4
22.567,233.2
22.600,228.9
22.633,223.6
22.667,213.6
22.700,202.6
22.733,196.1
22.767,194.0
22.800,191.1
22.833,193.3
22.867,196.7
22.900,201.5
22.933,207.0
22.967,213.6
23.000,220.5
23.033,228.3
23.067,235.0
23.100,237.8
23.133,238.6
23.167,238.4
23.200,237.0
23.233,234.4
23.267,230.9
23.300,226.0
23.333,219.3
23.367,197.0
23.400,191.8
23.433,190.4
23.467,191.1
23.500,193.5
23.533,197.3
23.567,202.1
23.600,208.2
23.633,215.1
23.667,222.6
23.700,230.0
23.733,236.0
23.767,237.7
23.800,238.0
23.833,237.4
23.867,236.1
23.900,233.7
23.933,230.2
23.967,225.8
24.000,219.4
24.033,209.6
24.067,199.3
24.100,194.0
24.133,192.3
24.167,192.9
24.200,195.2
24.233,199.3
24.267,203.9
24.300,212.2
24.333,218.6
24.367,225.6
24.400,231.9
24.433,236.2
24.467,237.1
24.500,237.7
24.533,237.3
24.567,236.2
24.600,233.9
24.633,230.7
24.667,226.5
24.700,221.1
24.733,211.9
24.767,199.3
24.800,193.8
24.833,192.4
24.867,192.6
24.900,195.0
24.933,198.6
24.967,203.6
25.000,209.7
25.033,216.8
25.067,224.4
25.100,231.5
25.133,234.6
25.167,235.9
25.200,236.3
25.233,236.3
25.267,235.4
25.300,233.4
25.333,229.6
25.367,225.0
25.400,218.1
25.433,208.3
25.467,197.9
25.500,192.4
25.533,190.7
25.567,191.6
25.600,193.7
25.633,197.9
25.667,203.3
25.700,209.9
25.733,216.9
25.767,225.4
25.800,232.3
25.833,235.2
25.867,236.1
25.900,236.7
25.933,236.5
25.967,236.2
26.000,233.7
26.033,230.1
26.067,225.6
26.100,219.4
26.133,209.8
26.167,200.1
26.200,194.8
26.233,193.2
26.267,194.3
26.300,196.8
26.333,200.7
26.367,205.9
26.400,212.4
26.433,219.4
26.467,228.1
26.500,234.0
26.533,236.5
26.567,237.5
26.600,237.9
26.633,237.7
26.667,236.5
26.700,234.2
26.733,230.7
26.767,226.1
26.800,220.4
26.833,211.1
26.867,202.7
26.900,197.8
26.933,196.8
26.967,194.8
27.000,197.7
27.033,202.1
27.067,207.4
27.100,213.8
27.133,221.0
27.167,228.6
27.200,234.8
27.233,236.9
27.267,238.0
27.300,238.6
27.333,238.1
27.367,236.7
27.400,233.7
27.433,229.6
27.467,224.3
27.500,215.5
27.533,204.6
27.567,195.7
27.600,191.8
27.633,191.9
27.667,193.5
27.700,196.8
27.733,201.3
27.767,207.3
27.800,214.0
27.833,221.9
27.867,229.7
27.900,235.4
27.933,237.3
27.967,238.5
28.000,238.6
28.033,238.2
28.067,236.3
28.100,233.1
28.133,228.8
28.167,222.9
28.200,214.4
28.233,203.6
28.267,196.6
28.300,193.9
28.333,194.2
28.367,196.2
28.400,199.6
28.433,204.7
28.467,211.0
28.500,217.9
28.533,225.4
28.567,232.4
28.600,236.8
28.633,238.5
28.667,239.2
28.700,239.4
28.733,238.9
28.767,236.7
28.800,233.3
28.833,229.0
28.867,223.2
28.900,213.9
28.933,204.4
28.967,199.2
29.000,197.6
29.033,198.4
29.067,200.7
29.100,204.4
29.133,209.4
29.167,215.5
29.200,222.2
29.233,229.1
29.267,235.5
29.300,238.2
29.333,239.2
29.367,239.5
29.400,239.7
29.433,238.9
29.467,236.4
29.500,232.5
29.533,227.6
29.567,219.7
29.600,209.0
29.633,200.7
29.667,193.5
29.700,193.1
29.733,194.3
29.767,197.5
29.800,202.1
29.833,207.7
29.867,214.3
29.900,221.9
29.933,229.7
29.967,236.1
30.000,238.6
30.033,239.5
30.067,240.0
30.100,239.9
30.133,239.4
30.167,236.8
30.200,232.8
30.233,226.7
30.267,216.0
30.300,205.1
30.333,197.7
30.367,194.3
30.400,194.2
30.433,196.0
30.467,199.3
30.500,203.9
30.533,209.8
30.567,216.5
30.600,223.9
30.633,231.2
30.667,237.2
30.700,238.9
30.733,239.3
30.767,239.5
30.800,239.7
30.833,238.9
30.867,237.4
30.900,233.8
30.933,228.6
30.967,219.5
31.000,210.9
31.033,204.0
31.067,200.8
31.100,200.1
31.133,201.5
31.167,204.5
31.200,210.6
31.233,215.2
31.267,221.1
31.300,227.2
31.333,232.7
31.367,236.2
31.400,238.0
31.433,239.0
31.467,239.5
31.500,240.1
31.533,240.2
31.567,239.0
31.600,236.3
31.633,232.3
31.667,224.9
31.700,217.1
31.733,209.4
31.767,204.8
31.800,200.2
31.833,200.7
31.867,202.5
31.900,206.1
31.933,211.1
31.967,216.5
32.000,222.8
