,region A,
t,luma,
10.000,212.7
10.033,213.9
10.067,213.6
10.100,213.0
10.133,211.2
10.167,209.2
10.200,205.7
10.233,201.6
10.267,196.3
10.300,192.1
10.333,189.4
10.367,188.7
10.400,189.3
10.433,191.4
10.467,194.3
10.500,197.9
10.533,202.3
10.567,208.0
10.600,211.7
10.633,213.9
10.667,214.9
10.700,215.6
10.733,215.4
10.767,214.7
10.800,213.1
10.833,211.2
10.867,208.0
10.900,203.6
10.933,197.4
10.967,192.6
11.000,189.8
11.033,189.0
11.067,189.5
11.100,191.5
11.133,194.0
11.167,198.1
11.200,202.6
11.233,207.2
11.267,211.3
11.300,214.2
11.333,215.8
11.367,216.4
11.400,216.4
11.433,215.9
11.467,214.8
11.500,213.0
11.533,209.9
11.567,205.2
11.600,198.6
11.633,189.3
11.667,185.4
11.700,184.1
11.733,184.3
11.767,186.1
11.800,189.0
11.833,193.1
11.867,198.1
11.900,203.6
11.933,209.0
11.967,212.9
12.000,215.1
12.033,216.6
12.067,216.9
12.100,216.5
12.133,214.6
12.167,212.7
12.200,209.4
12.233,204.1
12.267,195.4
12.300,186.4
12.333,181.5
12.367,179.7
12.400,179.9
12.433,181.6
12.467,184.5
12.500,188.9
12.533,194.1
12.567,200.0
12.600,206.1
12.633,212.3
12.667,216.6
12.700,218.5
12.733,218.9
12.767,218.8
12.800,217.8
12.833,216.2
12.867,213.2
12.900,208.6
12.933,200.4
12.967,189.4
13.000,182.9
13.033,180.7
13.067,180.9
13.100,182.5
13.133,185.1
13.167,189.1
13.200,194.3
13.233,200.5
13.267,207.7
13.300,213.9
13.333,218.0
13.367,220.0
13.400,221.0
13.433,221.0
13.467,220.3
13.500,218.7
13.533,216.1
13.567,212.3
13.600,205.5
13.633,193.6
13.667,185.6
13.700,182.3
13.733,181.8
13.767,180.3
13.800,182.9
13.833,186.5
13.867,191.7
13.900,197.4
13.933,203.8
13.967,210.4
14.000,216.1
14.033,219.4
14.067,220.6
14.100,221.0
14.133,219.9
14.167,218.3
14.200,215.4
14.233,211.3
14.267,202.5
14.300,190.0
14.333,179.1
14.367,175.8
14.400,175.1
14.433,176.3
14.467,178.7
14.500,182.5
14.533,187.5
14.567,193.6
14.600,200.0
14.633,206.9
14.667,212.9
14.700,217.0
14.733,218.9
14.767,220.0
14.800,219.3
14.833,218.2
14.867,216.4
14.900,212.6
14.933,206.5
14.967,196.0
15.000,182.8
15.033,178.2
15.067,176.8
15.100,177.5
15.133,179.5
15.167,182.9
15.200,187.6
15.233,192.9
15.267,198.8
15.300,205.6
15.333,212.9
15.367,217.4
15.400,219.5
15.433,220.8
15.467,221.1
15.500,220.1
15.533,218.1
15.567,215.1
15.600,210.3
15.633,201.6
15.667,187.9
15.700,181.9
15.733,179.7
15.767,180.0
15.800,181.7
15.833,184.5
15.867,189.1
15.900,193.7
15.933,199.2
15.967,205.1
16.000,210.7
16.033,216.1
16.067,219.1
16.100,220.7
16.133,221.0
16.167,220.9
16.200,219.4
16.233,216.9
16.267,213.0
16.300,206.4
16.333,193.2
16.367,184.5
16.400,181.2
16.433,180.4
16.467,177.7
16.500,180.1
16.533,183.5
16.567,188.2
16.600,193.5
16.633,199.4
16.667,205.7
16.700,212.2
16.733,216.8
16.767,219.2
16.800,219.9
16.833,220.0
16.867,218.9
16.900,217.0
16.933,213.8
16.967,207.6
17.000,196.8
17.033,183.1
17.067,177.3
17.100,175.1
17.133,175.1
17.167,176.8
17.200,179.7
17.233,183.9
17.267,188.9
17.300,194.7
17.333,200.9
17.367,207.7
17.400,213.8
17.433,217.6
17.467,220.1
17.500,220.4
17.533,219.7
17.567,218.4
17.600,215.8
17.633,212.6
17.667,206.7
17.700,196.4
17.733,185.2
17.767,180.5
17.800,178.8
17.833,179.2
17.867,180.8
17.900,183.9
17.933,188.0
17.967,193.0
18.000,200.3
18.033,206.6
18.067,212.3
18.100,217.2
18.133,219.2
18.167,220.4
18.200,220.3
18.233,219.9
18.267,218.6
18.300,216.4
18.333,213.3
18.367,208.3
18.400,199.2
18.433,189.5
18.467,183.2
18.500,181.3
18.533,181.0
18.567,182.6
18.600,185.4
18.633,189.5
18.667,194.6
18.700,200.0
18.733,205.7
18.767,212.3
18.800,217.0
18.833,219.1
18.867,219.9
18.900,220.0
18.933,219.1
18.967,217.8
19.000,215.5
19.033,212.7
19.067,207.9
19.100,197.3
19.133,186.3
19.167,180.3
19.200,177.8
19.233,177.6
19.267,178.7
19.300,181.5
19.333,185.6
19.367,190.2
19.400,195.9
19.433,202.3
19.467,208.8
19.500,214.3
19.533,217.2
19.567,218.9
19.600,219.7
19.633,218.9
19.667,217.7
19.700,215.8
19.733,213.0
19.767,209.3
19.800,203.0
19.833,192.2
19.867,182.8
19.900,179.2
19.933,178.3
19.967,179.4
20.000,181.2
20.033,184.7
20.067,189.0
20.100,194.2
20.133,199.8
20.167,207.8
20.200,213.3
20.233,217.5
20.267,219.7
20.300,220.7
20.333,220.5
20.367,219.7
20.400,217.9
20.433,215.8
20.467,212.4
20.500,206.8
20.533,194.5
20.567,183.0
20.600,179.8
20.633,179.6
20.667,180.5
20.700,181.3
20.733,184.5
20.767,188.7
20.800,193.5
20.833,199.0
20.867,204.4
20.900,210.2
20.933,214.1
20.967,217.2
21.000,218.4
21.033,219.0
21.067,218.2
21.100,216.6
21.133,214.1
21.167,209.8
21.200,201.6
21.233,183.9
21.267,176.0
21.300,173.8
21.333,173.8
21.367,175.1
21.400,177.7
21.433,181.6
21.467,186.1
21.500,191.6
21.533,197.2
21.567,203.2
21.600,208.7
21.633,212.6
21.667,215.1
21.700,216.7
21.733,216.7
21.767,216.0
21.800,214.1
21.833,211.7
21.867,206.6
21.900,196.3
21.933,181.6
21.967,176.6
22.000,174.8
22.033,175.7
22.067,177.6
22.100,180.7
22.133,184.7
22.167,189.6
22.200,195.0
22.233,201.1
22.267,206.7
22.300,211.6
22.333,216.0
22.367,218.1
22.400,218.7
22.433,218.4
22.467,217.3
22.500,215.6
22.533,212.2
22.567,206.8
22.600,195.3
22.633,183.1
22.667,179.3
22.700,178.7
22.733,179.4
22.767,181.6
22.800,184.7
22.833,189.4
22.867,194.3
22.900,199.7
22.933,205.4
22.967,210.8
23.000,214.6
23.033,217.7
23.067,219.4
23.100,219.7
23.133,219.1
23.167,217.7
23.200,215.3
23.233,211.7
23.267,205.0
23.300,192.0
23.333,179.1
23.367,176.5
23.400,176.5
23.433,177.7
23.467,180.4
23.500,184.0
23.533,188.6
23.567,193.9
23.600,199.6
23.633,205.6
23.667,210.7
23.700,215.0
23.733,217.6
23.767,219.0
23.800,218.8
23.833,217.9
23.867,216.0
23.900,212.2
23.933,207.1
23.967,197.7
24.000,182.9
24.033,177.4
24.067,175.6
24.100,176.5
24.133,178.2
24.167,181.3
24.200,185.4
24.233,190.5
24.267,195.7
24.300,202.0
24.333,207.7
24.367,212.5
24.400,215.5
24.433,218.7
24.467,219.2
24.500,219.1
24.533,217.6
24.567,215.3
24.600,211.6
24.633,205.5
24.667,193.7
24.700,183.1
24.733,179.9
24.767,179.8
24.800,180.9
24.833,183.4
24.867,186.9
24.900,191.6
24.933,198.5
24.967,204.2
25.000,209.6
25.033,214.4
25.067,217.8
25.100,219.7
25.133,220.5
25.167,220.6
25.200,219.5
25.233,217.8
25.267,214.6
25.300,210.1
25.333,201.4
25.367,189.8
25.400,185.2
25.433,184.2
25.467,182.6
25.500,184.5
25.533,187.7
25.567,192.0
25.600,197.0
25.633,202.3
25.667,208.0
25.700,213.3
25.733,217.2
25.767,219.5
25.800,220.3
25.833,220.4
25.867,219.1
25.900,217.5
25.933,214.4
25.967,208.0
26.000,198.6
26.033,186.2
26.067,180.4
26.100,179.0
26.133,179.7
26.167,181.9
26.200,185.1
26.233,189.7
26.267,194.7
26.300,200.7
26.333,206.9
26.367,212.9
26.400,216.8
26.433,219.1
26.467,219.9
26.500,220.0
26.533,218.8
26.567,217.0
26.600,213.7
26.633,209.2
26.667,201.7
26.700,190.4
26.733,183.6
26.767,181.6
26.800,181.5
26.833,183.4
26.867,186.1
26.900,190.3
26.933,195.4
26.967,201.1
27.000,207.1
27.033,213.3
27.067,218.1
27.100,219.9
27.133,220.7
27.167,220.5
27.200,219.1
27.233,217.1
27.267,213.8
27.300,209.4
27.333,202.2
27.367,192.2
27.400,186.4
27.433,184.5
27.467,184.6
27.500,186.4
27.533,189.1
27.567,195.3
27.600,199.9
27.633,205.4
27.667,210.9
27.700,216.3
27.733,219.6
27.767,221.2
27.800,221.3
27.833,220.9
27.867,219.6
27.900,217.7
27.933,214.7
27.967,210.3
28.000,203.2
28.033,194.1
28.067,188.5
28.100,186.9
28.133,183.4
28.167,185.4
28.200,188.3
28.233,192.4
28.267,197.4
28.300,203.3
28.333,209.3
28.367,214.6
28.400,217.3
28.433,219.0
28.467,219.6
28.500,219.1
28.533,217.4
28.567,215.4
28.600,212.0
28.633,207.2
28.667,196.9
28.700,186.4
28.733,180.9
28.767,179.4
28.800,179.5
28.833,181.2
28.867,189.0
28.900,194.4
28.933,200.5
28.967,207.2
29.000,213.2
29.033,217.1
29.067,218.6
29.100,219.3
29.133,218.5
29.167,217.1
29.200,214.9
29.233,211.4
29.267,206.1
29.300,197.0
29.333,185.8
29.367,180.4
29.400,178.3
29.433,178.4
29.467,180.1
29.500,183.2
29.533,187.5
29.567,192.8
29.600,198.9
29.633,205.4
29.667,211.8
29.700,215.8
29.733,219.1
29.767,219.6
29.800,219.3
29.833,217.7
29.867,215.8
29.900,212.7
29.933,208.3
29.967,200.2
30.000,188.4
30.033,182.2
30.067,179.6
30.100,179.7
30.133,180.9
30.167,183.6
30.200,187.2
30.233,194.0
30.267,199.3
30.300,205.3
30.333,211.1
30.367,215.9
30.400,218.0
30.433,219.3
30.467,219.0
30.500,218.6
30.533,217.1
30.567,214.8
30.600,211.2
30.633,204.9
30.667,193.8
30.700,185.2
30.733,181.4
30.767,180.6
30.800,181.3
30.833,180.4
30.867,183.6
30.900,188.0
30.933,192.9
30.967,199.2
31.000,205.4
31.033,211.8
31.067,215.9
31.100,218.1
31.133,219.0
31.167,218.6
31.200,217.7
31.233,215.9
31.267,213.0
31.300,208.2
31.333,196.7
31.367,182.2
31.400,176.0
31.433,173.4
31.467,173.3
31.500,174.7
31.533,177.4
31.567,181.1
31.600,186.0
31.633,191.6
31.667,198.2
31.700,204.5
31.733,211.3
31.767,216.8
31.800,220.1
31.833,220.7
31.867,220.5
31.900,218.8
31.933,216.6
31.967,212.5
32.000,205.6
32.033,192.0
32.067,179.1
32.100,174.9
32.133,173.5
32.167,174.0
32.200,176.0
32.233,179.1
32.267,183.4
32.300,188.5
32.333,194.1
32.367,203.0
32.400,209.6
32.433,216.0
32.467,220.4
32.500,223.1
32.533,223.6
32.567,222.9
32.600,221.0
32.633,218.2
32.667,213.6
32.700,205.3
32.733,189.1
32.767,180.9
32.800,178.3
32.833,178.2
32.867,179.4
32.900,181.9
32.933,184.9
32.967,189.2
33.000,194.3
33.033,200.2
33.067,206.4
33.100,212.6
33.133,217.8
33.167,221.3
33.200,222.7
33.233,222.6
33.267,221.3
33.300,219.1
33.333,215.5
33.367,210.3
33.400,199.8
33.433,181.9
33.467,177.5
33.500,176.2
33.533,176.8
33.567,178.9
33.600,182.3
33.633,186.2
33.667,191.5
33.700,197.3
33.733,203.2
33.767,209.5
33.800,215.2
33.833,218.8
33.867,220.4
33.900,220.6
33.933,219.2
33.967,217.1
34.000,213.4
34.033,208.3
34.067,199.1
34.100,186.1
34.133,180.1
34.167,178.4
34.200,178.7
34.233,180.7
34.267,183.6
34.300,187.7
34.333,192.9
34.367,198.5
34.400,204.3
34.433,210.4
34.467,215.4
34.500,218.5
34.533,220.4
34.567,220.6
34.600,219.6
34.633,217.6
34.667,214.4
34.700,210.0
34.733,201.9
34.767,190.8
34.800,184.9
34.833,183.1
34.867,183.5
34.900,185.1
34.933,187.8
34.967,191.9
35.000,196.5
35.033,202.0
35.067,207.5
35.100,214.2
35.133,218.9
35.167,221.5
35.200,222.4
35.233,222.2
35.267,220.9
35.300,218.8
35.333,215.5
35.367,210.8
35.400,202.2
35.433,191.5
35.467,186.4
35.500,184.4
35.533,184.3
35.567,185.7
35.600,187.5
35.633,191.0
35.667,195.7
35.700,201.0
35.733,206.6
35.767,212.5
35.800,217.8
35.833,221.5
35.867,222.6
35.900,222.5
35.933,221.4
35.967,219.2
36.000,216.1
36.033,211.3
36.067,201.8
36.100,185.4
36.133,178.9
36.167,176.5
36.200,175.8
36.233,177.0
36.267,179.0
36.300,182.7
36.333,187.3
36.367,192.6
36.400,198.3
36.433,204.8
36.467,211.1
36.500,216.6
36.533,218.8
36.567,219.6
36.600,219.0
36.633,217.6
36.667,215.2
36.700,211.2
36.733,203.8
36.767,188.4
36.800,177.1
36.833,172.9
36.867,171.2
36.900,171.5
36.933,173.1
36.967,175.9
37.000,179.6
37.033,184.6
37.067,190.0
37.100,196.1
37.133,202.4
37.167,209.1
37.200,215.3
37.233,217.9
37.267,218.4
37.300,218.6
37.333,217.6
37.367,215.6
37.400,211.9
37.433,204.8
37.467,188.6
37.500,177.0
37.533,172.9
37.567,171.5
37.600,171.9
37.633,173.5
37.667,179.3
37.700,182.8
37.733,187.4
37.767,192.8
37.800,198.3
37.833,204.7
37.867,210.6
37.900,215.0
37.933,217.7
37.967,219.0
38.000,219.5
38.033,219.2
38.067,217.4
38.100,214.6
38.133,208.3
38.167,194.4
38.200,177.9
38.233,168.2
38.267,166.6
38.300,167.2
38.333,168.3
38.367,171.4
38.400,175.0
38.433,179.8
38.467,185.3
38.500,191.5
38.533,197.9
38.567,204.7
38.600,210.0
38.633,214.2
38.667,216.8
38.700,218.4
38.733,218.2
38.767,216.6
38.800,213.9
38.833,208.6
38.867,197.0
38.900,175.3
38.933,167.0
38.967,165.0
39.000,164.4
39.033,165.4
39.067,167.5
39.100,170.8
39.133,174.7
39.167,179.4
39.200,184.9
39.233,191.0
39.267,199.8
39.300,205.4
39.333,209.3
39.367,212.9
39.400,215.6
39.433,217.1
39.467,217.1
39.500,216.2
39.533,213.6
39.567,208.9
39.600,197.4
39.633,178.9
39.667,173.1
39.700,171.1
39.733,170.5
39.767,171.8
39.800,173.3
39.833,177.4
39.867,181.0
39.900,185.0
39.933,189.4
39.967,194.5
40.000,199.1
40.033,204.0
40.067,207.7
40.100,211.0
40.133,213.6
40.167,215.4
40.200,215.5
40.233,215.1
40.267,213.1
40.300,209.1
40.333,200.0
40.367,183.8
40.400,176.7
40.433,167.9
40.467,167.5
40.500,168.0
40.533,169.6
40.567,171.9
40.600,175.1
40.633,178.8
40.667,183.0
40.700,187.8
40.733,193.0
40.767,198.0
40.800,202.8
40.833,206.6
40.867,209.9
40.900,212.5
40.933,213.5
40.967,212.7
41.000,211.0
41.033,207.2
41.067,199.1
41.100,183.1
41.133,172.7
41.167,169.9
41.200,168.8
41.233,169.1
41.267,170.5
41.300,172.4
41.333,175.4
41.367,179.1
41.400,183.5
41.433,191.0
41.467,196.0
41.500,201.0
41.533,205.5
41.567,208.9
41.600,212.2
41.633,215.1
41.667,216.0
41.700,215.8
41.733,213.8
41.767,210.7
41.800,204.2
41.833,191.4
41.867,177.3
41.900,173.6
41.933,172.1
41.967,172.4
42.000,173.3
42.033,173.3
42.067,176.0
42.100,179.8
42.133,183.9
42.167,188.9
42.200,194.3
42.233,199.5
42.267,204.2
42.300,208.6
42.333,212.2
42.367,215.2
42.400,216.9
42.433,217.1
42.467,215.5
42.500,211.9
42.533,206.0
42.567,191.7
42.600,173.4
42.633,167.8
42.667,166.2
42.700,166.1
42.733,167.3
42.767,169.5
42.800,172.7
42.833,176.6
42.867,181.1
42.900,186.3
42.933,192.1
42.967,197.6
43.000,203.1
43.033,207.8
43.067,212.4
43.100,215.6
43.133,218.0
43.167,218.3
43.200,217.0
43.233,213.4
43.267,207.2
43.300,195.4
43.333,176.6
43.367,170.7
43.400,168.9
43.433,169.2
43.467,170.4
43.500,172.7
43.533,176.0
43.567,180.1
43.600,184.5
43.633,189.8
43.667,198.1
43.700,203.8
43.733,208.5
43.767,212.9
43.800,216.1
43.833,219.4
43.867,221.1
43.900,221.8
43.933,220.2
43.967,217.0
44.000,211.0
44.033,199.8
44.067,180.7
44.100,175.6
44.133,173.8
44.167,168.3
44.200,169.9
44.233,172.6
44.267,175.8
44.300,180.2
44.333,185.5
44.367,191.3
44.400,197.0
44.433,203.4
44.467,208.7
44.500,213.3
44.533,216.7
44.567,219.7
44.600,221.2
44.633,221.0
44.667,218.7
44.700,214.3
44.733,206.3
44.767,190.8
44.800,172.7
44.833,169.3
44.867,168.3
44.900,169.2
44.933,171.2
44.967,174.5
45.000,178.3
45.033,183.4
45.067,188.6
45.100,194.8
45.133,200.6
45.167,208.3
45.200,212.9
45.233,216.8
45.267,219.8
45.300,222.1
45.333,222.8
45.367,222.1
45.400,219.4
45.433,214.5
45.467,205.6
45.500,187.2
45.533,176.5
45.567,174.5
45.600,174.2
45.633,175.6
45.667,177.9
45.700,181.5
45.733,185.7
45.767,191.8
45.800,197.3
45.833,203.2
45.867,208.7
45.900,213.8
45.933,217.7
45.967,221.8
46.000,224.0
46.033,225.6
46.067,225.4
46.100,223.6
46.133,219.8
46.167,211.8
46.200,192.7
46.233,178.0
46.267,174.8
46.300,168.4
46.333,169.3
46.367,171.4
46.400,174.1
46.433,178.4
46.467,183.2
46.500,188.7
46.533,194.5
46.567,201.0
46.600,207.4
46.633,213.3
46.667,218.1
46.700,221.5
46.733,223.0
46.767,223.3
46.800,221.8
46.833,218.2
46.867,211.0
46.900,193.8
46.933,175.6
46.967,172.0
47.000,170.5
47.033,170.9
47.067,172.0
47.100,174.5
47.133,177.8
47.167,182.3
47.200,187.0
47.233,192.2
47.267,197.6
47.300,203.6
47.333,209.2
47.367,214.8
47.400,219.5
47.433,221.5
47.467,221.1
47.500,219.7
47.533,216.5
47.567,211.0
47.600,199.5
47.633,182.9
47.667,177.2
47.700,175.0
47.733,173.9
47.767,174.5
47.800,175.4
47.833,177.7
47.867,182.9
47.900,186.5
47.933,190.3
47.967,194.7
48.000,199.0
48.033,203.6
48.067,207.6
48.100,210.9
48.133,212.4
48.167,213.3
48.200,212.9
48.233,211.9
48.267,209.7
48.300,206.6
48.333,201.8
48.367,195.0
48.400,186.3
48.433,183.9
48.467,183.6
48.500,184.1
48.533,185.8
48.567,188.3
48.600,191.3
48.633,194.7
48.667,199.0
48.700,203.0
48.733,207.1
48.767,210.6
48.800,213.5
48.833,215.5
48.867,216.8
48.900,216.5
48.933,216.2
48.967,213.9
49.000,209.6
49.033,202.3
49.067,195.5
49.100,190.5
49.133,187.7
49.167,186.6
49.200,186.8
49.233,187.8
49.267,189.7
49.300,192.6
49.333,195.7
49.367,199.1
49.400,202.8
49.433,207.7
49.467,211.3
49.500,214.1
49.533,216.9
49.567,218.4
49.600,219.1
49.633,218.1
49.667,216.0
49.700,212.0
49.733,206.2
49.767,199.5
49.800,194.3
49.833,191.2
49.867,189.6
49.900,189.5
49.933,190.5
49.967,194.0
50.000,196.4
50.033,199.8
50.067,203.7
50.100,207.7
50.133,211.7
50.167,215.9
50.200,219.6
50.233,222.2
50.267,222.9
50.300,222.2
50.333,220.5
50.367,217.8
50.400,213.3
50.433,200.1
50.467,193.2
50.500,190.5
50.533,189.6
50.567,190.0
50.600,191.3
50.633,193.6
50.667,196.6
50.700,200.4
50.733,204.5
50.767,208.7
50.800,213.0
50.833,217.1
50.867,220.4
50.900,222.0
50.933,222.1
50.967,221.0
51.000,219.1
51.033,215.4
51.067,208.7
51.100,199.8
51.133,192.3
51.167,187.9
51.200,185.5
51.233,184.6
51.267,185.0
51.300,186.0
51.333,188.3
51.367,191.1
51.400,194.5
51.433,198.0
51.467,201.8
51.500,205.0
51.533,208.0
51.567,210.7
51.600,211.5
51.633,210.4
51.667,207.0
51.700,200.4
51.733,192.2
51.767,184.9
51.800,179.4
51.833,175.3
51.867,173.2
51.900,172.0
51.933,171.5
51.967,171.8
52.000,172.9
52.033,174.4
52.067,176.6
52.100,178.9
52.133,181.6
52.167,188.2
52.200,191.4
52.233,194.0
52.267,196.2
52.300,198.5
52.333,199.6
52.367,199.8
52.400,199.1
52.433,197.7
52.467,195.3
52.500,192.4
52.533,189.5
52.567,185.9
52.600,184.0
52.633,183.4
52.667,183.3
52.700,184.4
52.733,185.7
52.767,187.7
52.800,190.1
52.833,193.2
52.867,196.3
52.900,199.8
52.933,203.1
52.967,206.5
53.000,209.3
53.033,211.6
53.067,212.6
53.100,212.9
53.133,212.4
53.167,210.1
53.200,207.6
53.233,204.2
53.267,199.5
53.300,195.1
53.333,191.5
53.367,189.0
53.400,187.4
53.433,186.7
53.467,186.7
53.500,187.6
53.533,188.7
53.567,190.4
53.600,192.2
53.633,194.1
53.667,195.7
53.700,198.7
53.733,199.7
53.767,200.4
53.800,200.2
53.833,199.6
53.867,198.4
53.900,196.4
53.933,194.0
53.967,191.2
54.000,188.7
54.033,186.6
54.067,185.0
54.100,183.5
54.133,183.1
54.167,183.3
54.200,184.1
54.233,184.9
54.267,186.3
54.300,187.9
54.333,189.8
54.367,191.7
54.400,193.8
54.433,196.1
54.467,198.2
54.500,200.1
54.533,201.6
54.567,202.8
54.600,203.2
54.633,202.8
54.667,201.8
54.700,200.3
54.733,198.5
54.767,196.4
54.800,193.2
54.833,191.7
54.867,191.3
54.900,191.0
54.933,191.9
54.967,193.0
55.000,194.9
55.033,196.9
55.067,199.4
55.100,201.8
55.133,204.2
55.167,205.9
55.200,207.6
55.233,208.2
55.267,208.2
55.300,207.5
55.333,206.6
55.367,204.6
55.400,202.6
55.433,200.3
55.467,198.5
55.500,197.1
55.533,196.7
55.567,196.7
55.600,197.7
55.633,198.8
55.667,200.7
55.700,202.7
55.733,205.0
55.767,207.3
55.800,209.2
55.833,210.6
55.867,211.8
55.900,212.4
55.933,212.3
55.967,211.6
56.000,210.2
56.033,208.6
56.067,206.6
56.100,204.5
56.133,202.6
56.167,201.2
56.200,199.7
56.233,198.8
56.267,198.3
56.300,198.4
56.333,198.5
56.367,199.0
56.400,199.9
56.433,201.0
56.467,202.1
56.500,203.1
56.533,204.0
56.567,204.9
56.600,205.4
56.633,205.8
56.667,205.8
56.700,205.6
56.733,204.7
56.767,203.8
56.800,202.3
56.833,201.0
56.867,199.6
56.900,197.9
56.933,196.9
56.967,196.6
57.000,196.3
57.033,196.5
57.067,196.9
57.100,197.8
57.133,198.5
57.167,199.7
57.200,200.6
57.233,201.8
57.267,202.7
57.300,203.3
57.333,203.7
57.367,203.8
57.400,203.7
57.433,203.3
57.467,202.5
57.500,201.8
57.533,200.8
57.567,200.3
57.600,199.7
57.633,199.8
57.667,199.7
57.700,199.9
57.733,200.2
57.767,201.1
57.800,201.8
57.833,202.9
57.867,203.8
57.900,204.8
57.933,205.9
57.967,206.6
58.000,206.7
58.033,206.9
58.067,207.0
58.100,207.0
58.133,206.8
58.167,206.7
58.200,206.3
58.233,206.0
58.267,205.4
58.300,205.3
58.333,205.0
58.367,205.2
58.400,205.1
58.433,205.8
58.467,206.3
58.500,206.7
58.533,207.3
58.567,208.3
58.600,209.0
58.633,209.6
58.667,210.1
58.700,210.4
58.733,210.6
58.767,210.6
58.800,210.4
58.833,210.2
58.867,209.8
58.900,209.4
58.933,208.9
58.967,208.5
59.000,207.8
59.033,207.7
59.067,207.4
59.100,207.6
59.133,207.7
59.167,208.1
59.200,208.3
59.233,208.5
59.267,208.4
59.300,208.4
59.333,208.1
59.367,207.8
59.400,207.1
59.433,206.4
59.467,205.4
59.500,204.4
59.533,203.0
59.567,201.8
59.600,200.5
59.633,199.8
59.667,198.9
59.700,198.3
59.733,197.6
59.767,197.5
59.800,197.2
59.833,197.2
59.867,197.1
59.900,197.4
59.933,197.9
59.967,198.0
60.000,198.1
60.033,198.6
60.067,198.8
60.100,199.0
60.133,199.0
60.167,198.9
60.200,198.5
60.233,197.9
60.267,197.0
60.300,196.2
60.333,195.2
60.367,194.5
60.400,193.9
60.433,193.7
60.467,193.5
60.500,193.5
60.533,193.4
60.567,193.8
60.600,194.6
60.633,195.2
60.667,196.0
60.700,196.8
60.733,197.2
60.767,197.6
60.800,197.8
60.833,197.7
60.867,197.5
60.900,197.2
60.933,196.7
60.967,196.1
61.000,195.1
61.033,194.6
61.067,193.5
61.100,193.4
61.133,193.3
61.167,193.6
61.200,193.9
61.233,194.5
61.267,194.8
61.300,195.6
61.333,196.1
61.367,197.0
61.400,197.6
61.433,198.2
61.467,198.5
61.500,198.7
61.533,198.7
61.567,198.5
61.600,198.1
61.633,197.8
61.667,197.1
61.700,196.4
61.733,195.7
61.767,195.5
61.800,195.3
61.833,195.5
61.867,195.6
61.900,196.1
61.933,196.8
61.967,197.4
62.000,198.2
62.033,199.2
62.067,200.1
62.100,200.7
62.133,201.1
62.167,201.2
62.200,201.2
62.233,200.9
62.267,200.4
62.300,199.9
62.333,199.2
62.367,198.5
62.400,197.7
62.433,197.2
62.467,196.5
62.500,196.5
62.533,196.1
62.567,196.6
62.600,196.9
62.633,197.8
62.667,198.7
62.700,199.9
62.733,201.2
62.767,202.3
62.800,203.0
62.833,203.4
62.867,203.4
62.900,203.0
62.933,202.3
62.967,201.1
63.000,199.5
63.033,198.0
63.067,196.3
63.100,195.6
63.133,194.9
63.167,195.2
63.200,195.4
63.233,196.4
63.267,196.9
63.300,198.0
63.333,198.9
63.367,200.6
63.400,202.1
63.433,203.8
63.467,205.2
63.500,206.5
63.533,207.3
63.567,207.9
63.600,207.8
63.633,206.8
63.667,205.4
63.700,203.5
63.733,201.4
63.767,199.7
63.800,198.0
63.833,195.9
63.867,195.5
63.900,195.5
63.933,196.0
63.967,196.5
64.000,197.0
64.033,198.1
64.067,198.9
64.100,199.6
64.133,200.0
64.167,200.1
64.200,199.6
64.233,198.4
64.267,196.6
64.300,194.6
64.333,192.2
64.367,188.9
64.400,186.9
64.433,185.2
64.467,184.0
64.500,183.3
64.533,182.3
64.567,182.6
64.600,182.8
64.633,183.3
64.667,183.8
64.700,184.6
64.733,185.1
64.767,185.8
64.800,186.4
64.833,187.1
64.867,188.6
64.900,189.1
64.933,189.2
64.967,189.4
65.000,189.4
65.033,189.6
65.067,189.3
65.100,189.6
65.133,189.7
65.167,190.2
65.200,190.7
65.233,191.3
65.267,191.8
65.300,192.7
65.333,193.3
65.367,194.3
65.400,195.0
65.433,196.1
65.467,197.2
65.500,197.9
65.533,198.4
65.567,199.1
65.600,199.6
65.633,200.0
65.667,200.1
65.700,200.3
65.733,200.3
65.767,200.5
65.800,200.5
65.833,200.8
65.867,200.9
65.900,201.4
65.933,201.7
65.967,202.2
66.000,202.8
66.033,203.8
66.067,204.4
66.100,205.2
66.133,205.7
66.167,206.4
66.200,206.5
66.233,206.6
66.267,206.3
66.300,205.7
66.333,204.9
66.367,203.7
66.400,202.6
66.433,201.8
66.467,200.8
66.500,200.3
66.533,199.6
66.567,199.6
66.600,199.6
66.633,200.1
66.667,200.5
66.700,201.5
66.733,202.4
66.767,203.2
66.800,203.8
66.833,204.3
66.867,204.4
66.900,204.0
66.933,203.2
66.967,201.7
67.000,199.5
67.033,196.8
67.067,194.3
67.100,192.9
67.133,191.2
67.167,190.6
67.200,189.9
67.233,190.5
67.267,191.0
67.300,192.4
67.333,193.8
67.367,195.7
67.400,197.6
67.433,199.8
67.467,201.6
67.500,202.9
67.533,203.5
67.567,203.3
67.600,201.2
67.633,198.1
67.667,194.4
67.700,190.3
67.733,186.6
67.767,184.0
67.800,181.9
67.833,181.6
67.867,181.5
67.900,182.5
67.933,183.9
67.967,186.1
68.000,188.5
68.033,191.2
68.067,196.2
68.100,198.6
68.133,200.8
68.167,202.4
68.200,202.9
68.233,202.2
68.267,200.1
68.300,196.7
68.333,193.0
68.367,189.4
68.400,186.9
68.433,185.1
68.467,184.0
68.500,183.9
68.533,183.7
68.567,184.5
68.600,186.3
68.633,187.6
68.667,189.0
68.700,190.5
68.733,191.5
68.767,192.4
68.800,192.7
68.833,192.8
68.867,191.8
68.900,190.7
68.933,189.0
68.967,187.2
69.000,185.5
69.033,183.8
69.067,182.6
69.100,182.2
69.133,181.8
69.167,181.7
69.200,182.0
69.233,183.2
69.267,184.0
69.300,185.8
69.333,187.2
69.367,188.9
69.400,190.2
69.433,191.9
69.467,192.9
69.500,193.4
69.533,193.3
69.567,192.7
69.600,191.3
69.633,189.7
69.667,187.8
69.700,185.0
69.733,183.2
69.767,182.0
69.800,180.8
69.833,180.4
69.867,179.9
69.900,180.1
69.933,180.3
69.967,181.2
70.000,182.4
70.033,183.6
70.067,184.7
70.100,186.0
70.133,187.0
70.167,188.2
70.200,189.0
70.233,190.0
70.267,190.4
70.300,191.0
70.333,191.3
70.367,191.8
70.400,192.0
70.433,192.4
70.467,192.5
70.500,192.7
70.533,192.7
70.567,193.4
70.600,193.9
70.633,194.9
70.667,195.7
70.700,196.9
70.733,197.8
70.767,198.8
70.800,199.8
70.833,201.1
70.867,201.9
70.900,203.0
70.933,203.5
70.967,203.9
71.000,204.1
71.033,204.2
71.067,204.2
71.100,204.6
71.133,204.7
71.167,204.6
71.200,204.3
71.233,204.3
71.267,204.1
71.300,203.3
71.333,203.5
71.367,204.2
71.400,204.5
71.433,205.1
71.467,205.5
71.500,206.1
71.533,206.4
71.567,206.7
71.600,206.7
71.633,206.9
71.667,206.8
71.700,206.6
71.733,206.3
71.767,205.6
71.800,204.4
71.833,203.8
71.867,203.1
71.900,202.5
71.933,202.2
71.967,201.7
72.000,201.7
72.033,202.1
72.067,202.6
72.100,203.1
72.133,203.6
72.167,204.1
72.200,204.5
72.233,204.8
72.267,204.9
72.300,204.5
72.333,204.2
72.367,203.7
72.400,203.1
72.433,202.6
72.467,201.8
72.500,201.3
72.533,200.4
72.567,199.9
72.600,199.3
72.633,198.9
72.667,198.4
72.700,198.1
72.733,197.5
72.767,196.8
72.800,196.1
72.833,195.3
72.867,194.5
72.900,192.9
72.933,191.5
72.967,190.3
73.000,189.4
73.033,188.8
73.067,188.2
73.100,188.4
73.133,188.3
73.167,188.7
73.200,188.9
73.233,189.6
73.267,190.2
73.300,190.7
73.333,191.4
73.367,192.5
73.400,193.2
73.433,193.5
73.467,193.7
73.500,193.4
73.533,192.8
73.567,192.0
73.600,190.7
73.633,189.7
73.667,188.6
73.700,188.0
73.733,187.4
73.767,187.2
73.800,187.2
73.833,187.5
73.867,187.8
73.900,189.3
73.933,190.1
73.967,191.2
74.000,192.3
74.033,193.8
74.067,194.8
74.100,195.4
74.133,195.5
74.167,195.2
74.200,194.5
74.233,193.3
74.267,192.0
74.300,190.5
74.333,189.2
74.367,188.6
74.400,187.5
74.433,187.7
74.467,187.8
74.500,188.4
74.533,189.2
74.567,190.3
74.600,191.8
74.633,193.4
74.667,195.0
74.700,196.5
74.733,197.6
74.767,198.5
74.800,198.4
74.833,198.3
74.867,197.6
74.900,196.4
74.933,195.1
74.967,192.7
75.000,191.4
75.033,190.5
75.067,189.6
75.100,189.6
75.133,189.5
75.167,190.1
75.200,190.8
75.233,192.0
75.267,193.2
75.300,194.8
75.333,196.0
75.367,197.1
75.400,197.8
75.433,198.2
75.467,198.1
75.500,197.7
75.533,196.9
75.567,195.9
75.600,194.5
75.633,193.4
75.667,192.4
75.700,191.6
75.733,190.8
75.767,191.0
75.800,191.2
75.833,192.0
75.867,192.9
75.900,193.9
75.933,195.5
75.967,196.6
76.000,197.6
76.033,198.5
76.067,198.8
76.100,199.1
76.133,198.5
76.167,198.0
76.200,197.2
76.233,196.2
76.267,195.2
76.300,194.5
76.333,193.4
76.367,193.0
76.400,192.6
76.433,193.0
76.467,193.3
76.500,193.9
76.533,194.6
76.567,195.7
76.600,196.6
76.633,197.5
76.667,197.9
76.700,198.5
76.733,198.6
76.767,198.6
76.800,198.4
76.833,198.2
76.867,197.8
76.900,197.4
76.933,196.9
76.967,196.9
77.000,196.7
77.033,197.1
77.067,197.3
77.100,197.9
77.133,198.3
77.167,198.9
77.200,199.5
77.233,200.3
77.267,200.9
77.300,201.2
77.333,201.3
77.367,201.3
77.400,201.0
77.433,200.6
77.467,200.0
77.500,199.6
77.533,199.1
77.567,198.8
77.600,198.3
77.633,198.3
77.667,198.3
77.700,198.7
77.733,199.0
77.767,199.6
77.800,200.1
77.833,200.7
77.867,201.1
77.900,201.6
77.933,201.8
77.967,202.0
78.000,202.0
78.033,201.9
78.067,201.5
78.100,201.2
78.133,200.8
78.167,200.6
78.200,200.4
78.233,200.3
78.267,199.8
78.300,199.9
78.333,199.9
78.367,200.0
78.400,200.1
78.433,200.6
78.467,200.8
78.500,201.0
78.533,201.1
78.567,201.4
78.600,201.5
78.633,201.6
78.667,201.6
78.700,201.7
78.733,201.6
78.767,201.6
78.800,201.4
78.833,201.3
78.867,201.1
78.900,200.9
78.933,200.6
78.967,200.5
79.000,200.2
79.033,200.0
79.067,199.6
79.100,199.5
79.133,199.4
79.167,199.3
79.200,199.2
79.233,199.7
79.267,199.9
79.300,200.3
79.333,200.4
79.367,201.0
79.400,201.3
79.433,201.6
79.467,201.7
79.500,202.0
79.533,202.0
79.567,202.1
79.600,202.0
79.633,201.8
79.667,201.4
79.700,201.0
79.733,200.5
79.767,200.2
79.800,199.7
79.833,199.7
79.867,199.4
79.900,199.7
79.933,199.8
79.967,200.1
80.000,199.9
80.033,200.3
80.067,200.6
80.100,200.8
80.133,200.8
80.167,200.8
80.200,200.7
80.233,200.6
80.267,200.2
80.300,200.2
80.333,199.9
80.367,199.7
80.400,199.2
80.433,199.2
80.467,199.0
80.500,198.9
80.533,198.6
80.567,198.7
80.600,198.7
80.633,198.8
80.667,198.9
80.700,199.2
80.733,199.2
80.767,199.3
80.800,199.2
80.833,199.3
80.867,199.0
80.900,199.0
80.933,198.6
80.967,198.7
81.000,198.5
81.033,198.3
81.067,197.9
81.100,197.7
81.133,197.2
81.167,196.8
81.200,196.2
81.233,195.9
81.267,195.5
81.300,195.3
81.333,194.8
81.367,194.6
81.400,194.7
81.433,195.1
81.467,195.4
81.500,195.9
81.533,196.1
81.567,196.6
81.600,197.0
81.633,197.3
81.667,197.4
81.700,197.3
81.733,197.1
81.767,196.7
81.800,196.2
81.833,195.4
81.867,194.5
81.900,193.7
81.933,193.0
81.967,192.3
82.000,192.0
82.033,192.1
82.067,192.1
82.100,192.5
82.133,192.8
82.167,193.4
82.200,194.1
82.233,195.1
82.267,196.0
82.300,197.1
82.333,197.8
82.367,198.7
82.400,199.0
82.433,199.0
82.467,198.9
82.500,198.6
82.533,197.9
82.567,197.0
82.600,195.9
82.633,194.8
82.667,193.6
82.700,193.2
82.733,192.7
82.767,192.6
82.800,192.5
82.833,193.2
82.867,194.0
82.900,195.2
82.933,196.4
82.967,198.1
83.000,199.5
83.033,200.7
83.067,201.5
83.100,202.5
83.133,202.7
83.167,202.5
83.200,201.9
83.233,200.8
83.267,199.4
83.300,197.8
83.333,195.8
83.367,194.4
83.400,193.1
83.433,192.5
83.467,191.9
83.500,192.5
83.533,193.0
83.567,194.6
83.600,196.0
83.633,197.9
83.667,199.8
83.700,202.0
83.733,203.7
83.767,205.4
83.800,206.4
83.833,207.0
83.867,206.6
83.900,205.9
83.933,204.6
83.967,202.6
84.000,200.2
84.033,197.6
84.067,195.1
84.100,192.4
84.133,191.1
84.167,190.7
84.200,190.9
84.233,191.9
84.267,193.4
84.300,195.5
84.333,198.1
84.367,201.0
84.400,203.8
84.433,206.6
84.467,208.5
84.500,209.4
84.533,209.4
84.567,209.0
84.600,207.5
84.633,205.7
84.667,203.0
84.700,200.0
84.733,195.8
84.767,191.5
84.800,188.2
84.833,186.6
84.867,185.6
84.900,186.1
84.933,187.0
84.967,189.5
85.000,192.3
85.033,196.3
85.067,200.0
85.100,204.2
85.133,207.3
85.167,209.5
85.200,211.2
85.233,211.4
85.267,210.6
85.300,209.2
85.333,207.1
85.367,204.4
85.400,199.8
85.433,194.6
85.467,188.5
85.500,184.7
85.533,183.2
85.567,183.2
85.600,184.1
85.633,186.4
85.667,190.4
85.700,194.3
85.733,198.1
85.767,202.9
85.800,207.0
85.833,210.6
85.867,212.4
85.900,213.7
85.933,213.6
85.967,213.0
86.000,211.0
86.033,208.8
86.067,205.4
86.100,200.1
86.133,192.4
86.167,186.1
86.200,179.2
86.233,178.6
86.267,179.2
86.300,181.0
86.333,183.8
86.367,187.4
86.400,191.7
86.433,196.9
86.467,201.9
86.500,206.6
86.533,209.8
86.567,211.9
86.600,213.1
86.633,212.9
86.667,211.4
86.700,208.5
86.733,205.1
86.767,200.1
86.800,192.3
86.833,182.6
86.867,176.9
86.900,175.3
86.933,175.2
86.967,176.7
87.000,179.2
87.033,182.9
87.067,187.0
87.100,192.3
87.133,197.7
87.167,203.4
87.200,207.7
87.233,210.8
87.267,212.4
87.300,214.5
87.333,213.9
87.367,212.3
87.400,209.5
87.433,205.8
87.467,199.5
87.500,190.1
87.533,181.8
87.567,179.2
87.600,178.2
87.633,179.3
87.667,181.3
87.700,184.4
87.733,188.2
87.767,193.2
87.800,200.1
87.833,205.4
87.867,209.7
87.900,213.3
87.933,215.3
87.967,216.8
88.000,216.3
88.033,215.4
88.067,213.2
88.100,210.0
88.133,205.3
88.167,197.7
88.200,188.0
88.233,183.3
88.267,179.9
88.300,180.4
88.333,181.9
88.367,184.9
88.400,188.5
88.433,193.2
88.467,198.5
88.500,204.1
88.533,208.9
88.567,213.3
88.600,215.9
88.633,217.2
88.667,217.4
88.700,216.8
88.733,214.8
88.767,211.8
88.800,207.4
88.833,200.9
88.867,191.0
88.900,183.5
88.933,177.1
88.967,176.8
89.000,178.1
89.033,180.7
89.067,184.6
89.100,189.4
89.133,195.1
89.167,201.0
89.200,206.8
89.233,211.8
89.267,214.7
89.300,217.1
89.333,217.8
89.367,217.5
89.400,216.6
89.433,214.0
89.467,209.7
89.500,203.9
89.533,195.2
89.567,186.0
89.600,181.7
89.633,180.8
89.667,181.5
89.700,183.9
89.733,187.2
89.767,191.9
89.800,197.3
89.833,203.7
89.867,209.5
89.900,214.5
89.933,219.1
89.967,221.8
90.000,222.8
90.033,223.0
90.067,221.7
90.100,219.3
90.133,215.2
90.167,209.3
90.200,199.9
90.233,189.2
90.267,185.3
90.300,184.6
90.333,185.8
90.367,188.2
90.400,191.8
90.433,198.0
90.467,203.5
90.500,209.4
90.533,215.9
90.567,222.1
90.600,226.7
90.633,229.7
90.667,231.0
90.700,230.5
90.733,228.4
90.767,224.3
90.800,218.2
90.833,206.9
90.867,191.4
90.900,185.6
90.933,183.6
90.967,180.5
91.000,181.3
91.033,183.8
91.067,186.7
91.100,191.1
91.133,195.9
91.167,201.4
91.200,207.1
91.233,213.3
91.267,218.6
91.300,223.1
91.333,225.4
91.367,227.0
91.400,227.4
91.433,225.9
91.467,222.1
91.500,214.1
91.533,203.2
91.567,194.1
91.600,189.1
91.633,187.2
91.667,187.0
91.700,188.4
91.733,190.8
91.767,194.6
91.800,198.9
91.833,204.3
91.867,209.9
91.900,215.8
91.933,221.2
91.967,225.9
92.000,227.4
92.033,228.2
92.067,227.2
92.100,225.1
92.133,221.9
92.167,217.8
92.200,212.3
92.233,205.6
92.267,199.3
92.300,195.1
92.333,192.9
92.367,192.7
92.400,193.6
92.433,195.6
92.467,198.4
92.500,202.0
92.533,205.7
92.567,210.1
92.600,214.8
92.633,217.9
92.667,219.1
92.700,219.6
92.733,219.3
92.767,218.4
92.800,216.6
92.833,214.6
92.867,212.1
92.900,209.2
92.933,206.0
92.967,202.9
93.000,199.8
93.033,197.8
93.067,196.5
93.100,196.6
93.133,197.2
93.167,198.7
93.200,200.7
93.233,203.4
93.267,206.3
93.300,208.7
93.333,210.5
93.367,211.9
93.400,212.7
93.433,213.1
93.467,212.6
93.500,211.8
93.533,210.6
93.567,209.0
93.600,206.8
93.633,204.3
93.667,196.5
93.700,194.4
93.733,193.3
93.767,193.7
93.800,194.7
93.833,196.7
93.867,199.3
93.900,202.4
93.933,205.6
93.967,208.3
94.000,209.9
94.033,211.8
94.067,212.7
94.100,213.4
94.133,212.9
94.167,212.2
94.200,210.7
94.233,208.5
94.267,205.9
94.300,202.8
94.333,199.3
94.367,195.5
94.400,193.1
94.433,192.1
94.467,192.7
94.500,194.0
94.533,196.7
94.567,200.3
94.600,204.0
94.633,207.6
94.667,211.0
94.700,214.2
94.733,215.8
94.767,216.3
94.800,216.5
94.833,215.6
94.867,214.3
94.900,212.1
94.933,209.4
94.967,206.1
95.000,202.0
95.033,197.7
95.067,193.8
95.100,192.1
95.133,192.3
95.167,193.8
95.200,196.3
95.233,200.7
95.267,204.9
95.300,209.3
95.333,213.1
95.367,215.9
95.400,218.2
95.433,219.6
95.467,220.1
95.500,219.8
95.533,218.9
95.567,216.9
95.600,214.4
95.633,210.7
95.667,206.1
95.700,197.4
95.733,191.7
95.767,188.4
95.800,187.7
95.833,188.6
95.867,191.0
95.900,194.5
95.933,199.4
95.967,204.9
96.000,210.5
96.033,215.3
96.067,219.0
96.100,221.6
96.133,223.1
96.167,223.4
96.200,222.7
96.233,220.9
96.267,217.6
96.300,213.0
96.333,206.1
96.367,196.7
96.400,187.0
96.433,182.2
96.467,181.1
96.500,181.8
96.533,184.2
96.567,187.9
96.600,192.9
96.633,198.9
96.667,206.0
96.700,213.0
96.733,219.0
96.767,223.3
96.800,226.7
96.833,228.6
96.867,228.1
96.900,226.0
96.933,222.2
96.967,216.8
97.000,209.9
97.033,199.1
97.067,186.1
97.100,181.4
97.133,179.9
97.167,180.5
97.200,182.6
97.233,185.9
97.267,190.5
97.300,198.2
97.333,204.5
97.367,211.0
97.400,217.4
97.433,222.1
97.467,226.2
97.500,229.0
97.533,230.2
97.567,229.0
97.600,226.4
97.633,221.9
97.667,215.9
97.700,207.6
97.733,194.1
97.767,186.6
97.800,183.9
97.833,183.9
97.867,185.2
97.900,187.9
97.933,190.0
97.967,194.9
98.000,201.1
98.033,208.1
98.067,215.3
98.100,221.3
98.133,225.9
98.167,229.6
98.200,231.9
98.233,232.3
98.267,230.2
98.300,226.4
98.333,220.7
98.367,213.0
98.400,195.1
98.433,180.1
98.467,175.7
98.500,174.0
98.533,174.5
98.567,176.5
98.600,179.6
98.633,183.9
98.667,189.4
98.700,195.8
98.733,203.1
98.767,210.9
98.800,218.7
98.833,225.1
98.867,229.5
98.900,232.5
98.933,233.9
98.967,232.8
99.000,229.6
99.033,223.9
99.067,215.7
99.100,200.7
99.133,180.8
99.167,174.6
99.200,171.8
99.233,171.7
99.267,173.1
99.300,175.9
99.333,179.8
99.367,185.0
99.400,191.5
99.433,198.6
99.467,209.8
99.500,217.5
99.533,224.0
99.567,228.7
99.600,232.2
99.633,234.7
99.667,235.2
99.700,233.5
99.733,229.4
99.767,223.5
99.800,213.3
99.833,190.3
99.867,181.0
99.900,178.3
99.933,177.7
99.967,178.8
100.000,180.9
100.033,184.1
100.067,188.5
100.100,194.0
100.133,200.3
100.167,207.4
100.200,214.7
100.233,222.0
100.267,228.2
100.300,232.6
100.333,234.9
100.367,235.3
100.400,233.7
100.433,230.6
100.467,225.4
100.500,217.7
100.533,201.9
100.567,181.7
100.600,176.5
100.633,174.4
100.667,174.6
100.700,176.3
100.733,178.9
100.767,182.7
100.800,187.6
100.833,193.7
100.867,200.4
100.900,207.4
100.933,214.8
100.967,222.6
101.000,228.2
101.033,230.4
101.067,230.2
101.100,229.0
101.133,226.6
101.167,223.1
101.200,218.0
101.233,210.0
101.267,195.0
101.300,184.8
101.333,180.4
101.367,178.8
101.400,178.8
101.433,180.2
101.467,182.4
101.500,186.1
101.533,191.0
101.567,196.6
101.600,204.6
101.633,210.9
101.667,216.9
101.700,222.9
101.733,227.3
101.767,228.7
101.800,228.4
101.833,227.4
101.867,225.3
101.900,222.3
101.933,218.9
101.967,214.0
102.000,206.7
102.033,197.8
102.067,191.6
102.100,188.9
102.133,187.9
102.167,185.2
102.200,186.6
102.233,188.9
102.267,191.9
102.300,195.7
102.333,200.2
102.367,204.8
102.400,208.8
102.433,212.4
102.467,214.1
102.500,215.5
102.533,216.1
102.567,216.7
102.600,216.8
102.633,216.5
102.667,215.1
102.700,211.6
102.733,207.5
102.767,201.1
102.800,194.0
102.833,188.9
102.867,186.9
102.900,186.6
102.933,187.7
102.967,189.6
103.000,192.1
103.033,195.5
103.067,199.0
103.100,202.7
103.133,206.6
103.167,209.9
103.200,213.0
103.233,215.6
103.267,216.2
103.300,216.1
103.333,215.8
103.367,215.0
103.400,213.7
103.433,211.3
103.467,207.5
103.500,201.6
103.533,195.4
103.567,190.9
103.600,189.0
103.633,188.7
103.667,190.0
103.700,191.8
103.733,194.9
103.767,199.9
103.800,203.9
103.833,208.2
103.867,212.4
103.900,216.2
103.933,218.5
103.967,219.8
104.000,219.3
104.033,219.1
104.067,217.9
104.100,215.8
104.133,212.3
104.167,207.7
104.200,201.1
104.233,194.2
104.267,189.9
104.300,185.4
104.333,185.5
104.367,186.9
104.400,189.4
104.433,193.3
104.467,198.0
104.500,203.2
104.533,208.5
104.567,213.9
104.600,218.0
104.633,220.2
104.667,221.1
104.700,221.1
104.733,220.1
104.767,217.6
104.800,213.8
104.833,208.7
104.867,200.7
104.900,190.3
104.933,183.7
104.967,180.6
105.000,179.8
105.033,180.7
105.067,182.7
105.100,186.4
105.133,190.7
105.167,196.1
105.200,201.9
105.233,208.4
105.267,214.2
105.300,218.7
105.333,220.7
105.367,222.6
105.400,222.6
105.433,221.6
105.467,219.3
105.500,215.0
105.533,208.3
105.567,197.3
105.600,187.1
105.633,182.4
105.667,179.7
105.700,179.6
105.733,180.8
105.767,183.4
105.800,186.9
105.833,191.7
105.867,198.6
105.900,204.4
105.933,210.1
105.967,216.1
106.000,220.0
106.033,222.8
106.067,223.7
106.100,223.6
106.133,222.3
106.167,220.0
106.200,215.5
106.233,208.3
106.267,195.4
106.300,185.4
106.333,181.2
106.367,179.4
106.400,177.6
106.433,179.3
106.467,181.9
106.500,185.7
106.533,190.3
106.567,195.7
106.600,201.6
106.633,207.8
106.667,213.7
106.700,218.8
106.733,221.5
106.767,222.2
106.800,221.8
106.833,220.4
106.867,217.6
106.900,212.7
106.933,204.0
106.967,189.6
107.000,175.5
107.033,172.2
107.067,170.9
107.100,171.9
107.133,174.0
107.167,177.4
107.200,181.8
107.233,187.4
107.267,193.4
107.300,200.1
107.333,206.9
107.367,213.4
107.400,217.3
107.433,219.1
107.467,219.8
107.500,219.0
107.533,216.9
107.567,213.4
107.600,207.1
107.633,196.5
107.667,182.1
107.700,176.3
107.733,173.5
107.767,173.1
107.800,174.2
107.833,177.1
107.867,181.0
107.900,186.0
107.933,191.3
107.967,197.9
108.000,206.2
108.033,212.5
108.067,216.5
108.100,218.3
108.133,219.0
108.167,218.6
108.200,217.3
108.233,215.1
108.267,210.9
108.300,203.6
108.333,190.6
108.367,181.9
108.400,178.3
108.433,177.1
108.467,177.7
108.500,179.7
108.533,182.5
108.567,187.1
108.600,193.1
108.633,198.7
108.667,204.5
108.700,210.6
108.733,214.9
108.767,217.1
108.800,218.1
108.833,218.2
108.867,217.4
108.900,215.7
108.933,212.6
108.967,207.5
109.000,197.7
109.033,187.1
109.067,182.0
109.100,175.6
109.133,175.4
109.167,177.1
109.200,179.8
109.233,183.7
109.267,188.8
109.300,194.8
109.333,200.8
109.367,206.9
109.400,211.2
109.433,213.8
109.467,215.1
109.500,215.6
109.533,215.1
109.567,213.5
109.600,210.5
109.633,205.6
109.667,194.6
109.700,182.4
109.733,175.7
109.767,173.7
109.800,173.5
109.833,175.0
109.867,177.4
109.900,181.4
109.933,186.3
109.967,191.9
110.000,197.6
110.033,204.0
110.067,209.1
110.100,211.7
110.133,214.7
110.167,215.5
110.200,215.0
110.233,213.7
110.267,211.6
110.300,207.3
110.333,199.6
110.367,187.6
110.400,180.9
110.433,178.1
110.467,177.9
110.500,179.2
110.533,181.3
110.567,184.8
110.600,189.2
110.633,194.5
110.667,200.1
110.700,205.9
110.733,212.5
110.767,215.6
110.800,217.3
110.833,217.9
110.867,218.0
110.900,216.9
110.933,214.8
110.967,211.0
111.000,203.4
111.033,192.3
111.067,185.9
111.100,183.6
111.133,183.2
111.167,184.6
111.200,187.1
111.233,190.7
111.267,194.9
111.300,199.9
111.333,205.3
111.367,210.8
111.400,216.1
111.433,219.4
111.467,220.8
111.500,221.4
111.533,220.8
111.567,219.6
111.600,217.3
111.633,213.2
111.667,205.4
111.700,194.9
111.733,185.3
111.767,183.3
111.800,182.9
111.833,184.4
111.867,186.9
111.900,190.9
111.933,195.7
111.967,201.0
112.000,206.9
112.033,213.1
112.067,218.7
112.100,221.7
112.133,222.5
112.167,222.5
112.200,221.4
112.233,219.3
112.267,214.8
112.300,209.5
112.333,200.3
112.367,189.8
112.400,184.5
112.433,182.6
112.467,182.7
112.500,184.5
112.533,187.5
112.567,191.7
112.600,196.9
112.633,202.5
112.667,208.4
112.700,214.7
112.733,219.8
112.767,222.2
112.800,222.6
112.833,222.6
112.867,221.2
112.900,219.0
112.933,215.5
112.967,210.5
113.000,202.7
113.033,193.8
113.067,188.7
113.100,186.8
113.133,186.8
113.167,188.6
113.200,191.3
113.233,195.5
113.267,200.4
113.300,206.2
113.333,213.0
113.367,218.4
113.400,222.4
113.433,223.9
113.467,223.9
113.500,223.2
113.533,221.7
113.567,219.3
113.600,215.9
113.633,211.6
113.667,204.4
113.700,196.8
113.733,192.1
113.767,190.5
113.800,190.5
113.833,193.3
113.867,196.0
113.900,199.8
113.933,204.3
113.967,209.6
114.000,214.6
114.033,219.9
114.067,223.4
114.100,224.5
114.133,224.5
114.167,223.6
114.200,221.9
114.233,219.6
114.267,216.7
114.300,212.4
114.333,205.7
114.367,198.3
114.400,193.9
114.433,188.9
114.467,188.9
114.500,190.8
114.533,193.4
114.567,197.6
114.600,202.5
114.633,207.9
114.667,213.5
114.700,219.0
114.733,222.4
114.767,223.5
114.800,223.2
114.833,222.1
114.867,220.1
114.900,217.6
114.933,213.3
114.967,208.1
115.000,200.7
115.033,192.9
115.067,188.3
115.100,186.8
115.133,187.0
115.167,188.8
115.200,191.5
115.233,195.8
115.267,200.6
115.300,211.9
115.333,217.1
115.367,221.0
115.400,222.1
115.433,222.6
115.467,221.5
115.500,219.7
115.533,217.0
115.567,213.6
115.600,208.7
115.633,202.0
115.667,194.5
115.700,190.3
115.733,188.5
115.767,189.0
115.800,190.6
115.833,193.6
115.867,197.5
115.900,202.1
115.933,207.0
115.967,212.6
116.000,218.7
116.033,222.3
116.067,223.5
116.100,223.4
116.133,222.1
116.167,220.4
116.200,217.7
116.233,214.5
116.267,209.8
116.300,202.9
116.333,196.8
116.367,193.1
116.400,191.7
116.433,192.1
116.467,193.8
116.500,197.5
116.533,201.2
116.567,205.5
116.600,210.3
116.633,215.3
116.667,220.0
116.700,223.1
116.733,224.3
116.767,224.0
116.800,223.1
116.833,221.3
116.867,218.8
116.900,215.4
116.933,210.7
116.967,203.8
117.000,197.3
117.033,193.2
117.067,188.7
117.100,188.9
117.133,190.6
117.167,193.7
117.200,197.5
117.233,202.1
117.267,207.4
117.300,212.9
117.333,218.2
117.367,221.7
117.400,223.0
117.433,222.8
117.467,221.7
117.500,219.7
117.533,217.1
117.567,212.9
117.600,207.3
117.633,198.0
117.667,191.2
117.700,187.4
117.733,186.3
117.767,186.8
117.800,188.7
117.833,191.7
117.867,195.6
117.900,200.5
117.933,206.1
117.967,212.0
118.000,217.3
118.033,221.5
118.067,222.9
118.100,222.6
118.133,222.1
118.167,219.9
118.200,217.2
118.233,213.0
118.267,207.0
118.300,198.7
118.333,192.1
118.367,188.4
118.400,187.2
118.433,187.8
118.467,189.5
118.500,192.6
118.533,196.6
118.567,201.5
118.600,206.9
118.633,213.7
118.667,219.0
118.700,222.9
118.733,224.5
118.767,224.3
118.800,223.3
118.833,221.4
118.867,218.5
118.900,214.4
118.933,208.5
118.967,200.3
119.000,194.0
119.033,190.5
119.067,189.5
119.100,189.9
119.133,191.8
119.167,195.8
119.200,199.6
119.233,204.2
119.267,209.1
119.300,214.4
119.333,219.2
119.367,223.1
119.400,224.7
119.433,224.6
119.467,223.2
119.500,221.5
119.533,218.6
119.567,214.9
119.600,209.2
119.633,201.6
119.667,195.0
119.700,191.7
119.733,190.6
119.767,190.9
119.800,189.6
119.833,192.5
119.867,196.5
119.900,201.3
119.933,206.6
119.967,212.0
120.000,217.3
120.033,221.3
120.067,222.6
120.100,222.4
120.133,221.2
120.167,219.4
120.200,216.6
120.233,211.8
120.267,205.8
120.300,197.2
120.333,189.9
120.367,186.1
120.400,184.5
120.433,185.1
120.467,186.8
120.500,189.7
120.533,193.8
120.567,198.9
120.600,204.3
120.633,210.0
120.667,215.3
120.700,219.1
120.733,220.5
120.767,220.5
120.800,219.5
120.833,218.0
120.867,215.3
120.900,211.6
120.933,205.6
120.967,197.2
121.000,189.9
121.033,186.1
121.067,184.7
121.100,185.2
121.133,187.0
121.167,190.1
121.200,194.0
121.233,199.1
121.267,204.5
121.300,210.4
121.333,215.8
121.367,220.5
121.400,221.8
121.433,221.9
121.467,221.2
121.500,219.7
121.533,217.2
121.567,213.9
121.600,208.3
121.633,199.9
121.667,191.9
121.700,188.3
121.733,186.7
121.767,187.2
121.800,189.0
121.833,191.8
121.867,197.2
121.900,201.7
121.933,207.1
121.967,212.7
122.000,217.7
122.033,222.0
122.067,223.5
122.100,223.7
122.133,222.7
122.167,221.2
122.200,218.6
122.233,215.3
122.267,209.7
122.300,200.7
122.333,192.2
122.367,184.3
122.400,183.0
122.433,183.5
122.467,185.1
122.500,188.2
122.533,192.3
122.567,197.5
122.600,203.2
122.633,209.7
122.667,215.6
122.700,220.7
122.733,222.6
122.767,222.7
122.800,221.7
122.833,220.3
122.867,217.2
122.900,213.1
122.933,206.4
122.967,196.2
123.000,184.6
123.033,180.4
123.067,178.7
123.100,179.4
123.133,181.4
123.167,184.5
123.200,188.8
123.233,194.1
123.267,200.0
123.300,206.5
123.333,213.2
123.367,218.6
123.400,220.7
123.433,221.4
123.467,220.6
123.500,219.8
123.533,216.9
123.567,212.7
123.600,206.3
123.633,196.1
123.667,186.0
123.700,181.6
123.733,179.7
123.767,180.2
123.800,181.8
123.833,184.9
123.867,189.0
123.900,194.1
123.933,199.8
123.967,207.5
124.000,213.7
124.033,219.1
124.067,221.7
124.100,222.6
124.133,222.3
124.167,221.1
124.200,218.8
124.233,215.3
124.267,209.7
124.300,200.4
124.333,189.9
124.367,185.0
124.400,183.0
124.433,183.2
124.467,184.6
124.500,188.3
124.533,192.1
124.567,197.0
124.600,202.5
124.633,208.4
124.667,214.4
124.700,219.8
124.733,223.1
124.767,224.1
124.800,224.1
124.833,223.1
124.867,220.9
124.900,217.8
124.933,212.9
124.967,204.4
125.000,192.4
