,region A,
t,luma,
0.000,196.8
0.033,192.1
0.067,174.1
0.100,157.9
0.133,151.9
0.167,152.1
0.200,155.9
0.233,164.9
0.267,169.6
0.300,179.4
0.333,188.6
0.367,192.3
0.400,197.2
0.433,198.2
0.467,194.2
0.500,183.0
0.533,173.3
0.567,143.1
0.600,141.8
0.633,145.0
0.667,152.0
0.700,156.3
0.733,165.8
0.767,171.0
0.800,183.9
0.833,192.1
0.867,195.2
0.900,198.0
0.933,196.9
0.967,189.3
1.000,172.6
1.033,157.7
1.067,142.8
1.100,143.5
1.133,148.6
1.167,158.3
1.200,162.8
1.233,172.4
1.267,177.5
1.300,187.3
1.333,195.3
1.367,198.2
1.400,200.3
1.433,198.2
1.467,184.7
1.500,163.2
1.533,145.0
1.567,137.0
1.600,138.3
1.633,143.7
1.667,152.4
1.700,157.2
1.733,167.6
1.767,173.0
1.800,185.6
1.833,194.0
1.867,196.9
1.900,199.1
1.933,197.4
1.967,186.6
2.000,162.9
2.033,145.3
2.067,138.3
2.100,143.2
2.133,146.3
2.167,154.4
2.200,159.0
2.233,169.0
2.267,179.2
2.300,184.2
2.333,192.8
2.367,196.0
2.400,198.6
2.433,191.7
2.467,185.5
2.500,163.3
2.533,144.3
2.567,134.4
2.600,137.1
2.633,139.8
2.667,147.5
2.700,152.2
2.733,162.2
2.767,172.8
2.800,181.3
2.833,190.0
2.867,193.0
2.900,196.0
2.933,192.9
2.967,188.1
3.000,171.7
3.033,158.4
3.067,141.3
3.100,143.0
3.133,144.6
3.167,151.1
3.200,154.8
3.233,163.5
3.267,173.1
3.300,177.4
3.333,186.3
3.367,189.5
3.400,193.2
3.433,189.5
3.467,186.1
3.500,172.8
3.533,161.3
3.567,139.5
3.600,140.5
3.633,142.6
3.667,149.0
3.700,152.8
3.733,161.6
3.767,170.9
3.800,179.5
3.833,187.6
3.867,190.6
3.900,194.5
3.933,193.9
3.967,191.2
4.000,180.6
4.033,172.0
4.067,150.7
4.100,150.7
4.133,153.3
4.167,158.7
4.200,163.0
4.233,171.8
4.267,181.1
4.300,185.6
4.333,193.5
4.367,196.9
4.400,200.5
4.433,198.9
4.467,192.8
4.500,174.7
4.533,159.4
4.567,143.8
4.600,146.4
4.633,149.3
4.667,157.4
4.700,162.3
4.733,171.9
4.767,181.5
4.800,187.8
4.833,195.0
4.867,198.6
4.900,198.2
4.933,191.7
4.967,185.1
5.000,162.1
5.033,148.9
5.067,149.8
5.100,157.5
5.133,161.2
5.167,169.2
5.200,178.2
5.233,182.8
5.267,191.2
5.300,194.9
5.333,199.7
5.367,199.6
5.400,196.5
5.433,179.0
5.467,169.1
5.500,151.2
5.533,152.5
5.567,154.9
5.600,162.2
5.633,166.2
5.667,174.8
5.700,183.8
5.733,187.8
5.767,194.1
5.800,196.0
5.833,195.3
5.867,187.1
5.900,180.2
5.933,161.7
5.967,151.8
6.000,150.8
6.033,156.0
6.067,159.6
6.100,171.7
6.133,176.1
6.167,184.3
6.200,191.3
6.233,193.8
6.267,196.1
6.300,194.6
6.333,186.4
6.367,170.6
6.400,158.2
6.433,148.7
6.467,149.9
6.500,155.7
6.533,163.9
6.567,168.4
6.600,177.8
6.633,182.3
6.667,190.0
6.700,194.7
6.733,195.3
6.767,190.7
6.800,182.9
6.833,162.3
6.867,144.0
6.900,143.9
6.933,148.0
6.967,151.6
7.000,160.2
7.033,169.5
7.067,174.4
7.100,185.4
7.133,189.0
7.167,193.7
7.200,192.9
7.233,189.8
7.267,176.2
7.300,165.0
7.333,147.9
7.367,149.4
7.400,151.9
7.433,162.8
7.467,171.1
7.500,175.3
7.533,184.2
7.567,188.3
7.600,194.7
7.633,197.3
7.667,196.2
7.700,188.7
7.733,181.4
7.767,157.2
7.800,146.3
7.833,147.9
7.867,153.9
7.900,157.9
7.933,166.6
7.967,176.2
8.000,181.1
8.033,190.1
8.067,193.4
8.100,196.6
8.133,192.5
8.167,187.2
8.200,167.2
8.233,151.3
8.267,144.6
8.300,147.8
8.333,151.4
8.367,159.8
8.400,164.7
8.433,174.8
8.467,187.4
8.500,191.7
8.533,197.3
8.567,198.2
8.600,194.7
8.633,182.9
8.667,173.0
8.700,146.9
8.733,145.9
8.767,148.8
8.800,156.3
8.833,160.5
8.867,170.2
8.900,175.4
8.933,186.3
8.967,195.9
9.000,199.3
9.033,202.0
9.067,200.3
9.100,191.3
9.133,166.6
9.167,150.4
9.200,145.7
9.233,147.5
9.267,154.0
9.300,162.8
9.333,167.8
9.367,178.8
9.400,184.6
9.433,195.4
9.467,203.6
9.500,205.3
9.533,203.6
9.567,199.2
9.600,182.0
9.633,152.1
9.667,151.5
9.700,155.6
9.733,159.0
9.767,167.5
9.800,180.2
9.833,185.4
9.867,195.2
9.900,199.2
9.933,205.0
9.967,207.0
10.000,206.2
10.033,198.8
10.067,191.6
10.100,164.5
10.133,151.8
10.167,153.7
10.200,160.0
10.233,168.2
10.267,172.6
10.300,182.0
10.333,186.7
10.367,194.9
10.400,200.5
10.433,201.3
10.467,200.3
10.500,197.2
10.533,183.7
10.567,155.4
10.600,152.0
10.633,155.1
10.667,158.0
10.700,165.7
10.733,174.4
10.767,178.9
10.800,190.8
10.833,194.8
10.867,200.8
10.900,203.2
10.933,202.8
10.967,197.0
11.000,191.2
11.033,169.6
11.067,160.3
11.100,161.5
11.133,167.0
11.167,169.4
11.200,177.5
11.233,186.0
11.267,190.2
11.300,197.2
11.333,199.8
11.367,202.1
11.400,199.5
11.433,193.7
11.467,179.5
11.500,167.5
11.533,157.1
11.567,160.7
11.600,164.0
11.633,171.9
11.667,176.0
11.700,184.5
11.733,192.0
11.767,195.1
11.800,200.8
11.833,201.4
11.867,198.7
11.900,188.0
11.933,179.2
11.967,158.1
12.000,157.9
12.033,160.8
12.067,167.6
12.100,171.3
12.133,182.8
12.167,186.7
12.200,193.6
12.233,198.6
12.267,200.1
12.300,199.9
12.333,197.4
12.367,186.3
12.400,166.6
12.433,159.3
12.467,156.2
12.500,158.4
12.533,164.6
12.567,172.3
12.600,176.5
12.633,185.0
12.667,188.7
12.700,194.4
12.733,196.4
12.767,195.4
12.800,186.0
12.833,168.8
12.867,157.7
12.900,150.9
12.933,151.9
12.967,156.9
13.000,164.2
13.033,168.3
13.067,177.1
13.100,181.6
13.133,191.0
13.167,194.9
13.200,195.1
13.233,189.7
13.267,183.1
13.300,161.1
13.333,150.4
13.367,151.3
13.400,155.9
13.433,159.2
13.467,170.2
13.500,177.7
13.533,181.5
13.567,188.4
13.600,191.1
13.633,193.9
13.667,190.8
13.700,186.0
13.733,167.5
13.767,148.3
13.800,146.0
13.833,149.0
13.867,152.0
13.900,158.7
13.933,162.3
13.967,170.2
14.000,178.1
14.033,181.6
14.067,186.2
14.100,186.8
14.133,182.2
14.167,166.6
14.200,152.9
14.233,144.0
14.267,145.1
14.300,149.9
14.333,156.7
14.367,160.7
14.400,169.4
14.433,177.2
14.467,185.1
14.500,190.7
14.533,192.0
14.567,190.5
14.600,190.5
14.633,173.3
14.667,154.0
14.700,153.8
14.733,156.9
14.767,162.0
14.800,168.5
14.833,176.0
14.867,179.9
14.900,186.8
14.933,189.7
14.967,193.6
15.000,193.5
15.033,191.3
15.067,180.7
15.100,171.1
15.133,151.3
15.167,153.5
15.200,156.2
15.233,163.6
15.267,167.8
15.300,176.2
15.333,184.4
15.367,187.9
15.400,193.2
15.433,193.8
15.467,191.4
15.500,181.4
15.533,173.4
15.567,153.8
15.600,152.5
15.633,154.2
15.667,160.2
15.700,164.1
15.733,172.6
15.767,184.7
15.800,188.8
15.833,195.8
15.867,198.2
15.900,199.4
15.933,193.9
15.967,188.2
16.000,171.0
16.033,164.7
16.067,163.3
16.100,167.8
16.133,171.2
16.167,178.5
16.200,182.5
16.233,190.3
16.267,197.2
16.300,199.9
16.333,202.0
16.367,201.2
16.400,196.3
16.433,185.0
16.467,180.2
16.500,171.4
16.533,169.0
16.567,168.7
16.600,171.9
16.633,174.3
16.667,180.1
16.700,183.2
16.733,189.0
16.767,192.5
16.800,194.1
16.833,194.6
16.867,193.9
16.900,189.9
16.933,181.3
16.967,174.9
17.000,159.0
17.033,157.0
17.067,160.8
17.100,169.7
17.133,173.3
17.167,180.7
17.200,184.3
17.233,190.1
17.267,193.5
17.300,193.7
17.333,190.0
17.367,185.3
17.400,167.3
17.433,154.5
17.467,156.2
17.500,162.0
17.533,165.5
17.567,173.1
17.600,180.8
17.633,184.4
17.667,189.7
17.700,191.6
17.733,192.7
17.767,186.9
17.800,181.5
17.833,163.2
17.867,156.5
17.900,157.8
17.933,162.9
17.967,166.1
18.000,173.1
18.033,176.7
18.067,183.4
18.100,189.2
18.133,190.8
18.167,190.7
18.200,188.3
18.233,179.3
18.267,165.6
18.300,161.5
18.333,162.3
18.367,166.9
18.400,169.9
18.433,177.7
18.467,180.8
18.500,185.9
18.533,189.6
18.567,190.4
18.600,188.9
18.633,186.4
18.667,178.2
18.700,169.0
18.733,166.1
18.767,165.5
18.800,167.2
18.833,172.1
18.867,177.7
18.900,180.3
18.933,185.0
18.967,186.4
19.000,186.2
19.033,181.9
19.067,178.4
19.100,168.3
19.133,164.2
19.167,159.2
19.200,161.2
19.233,163.7
19.267,169.8
19.300,173.1
19.333,179.4
19.367,184.0
19.400,184.9
19.433,183.8
19.467,181.7
19.500,174.6
19.533,165.1
19.567,160.5
19.600,156.8
19.633,157.9
19.667,162.7
19.700,169.3
19.733,172.9
19.767,179.7
19.800,184.5
19.833,187.7
19.867,186.6
19.900,184.2
19.933,175.8
19.967,170.5
20.000,160.6
20.033,160.6
20.067,165.0
20.100,170.8
20.133,174.2
20.167,181.2
20.200,187.5
20.233,189.9
20.267,192.7
20.300,192.3
20.333,187.3
20.367,176.8
20.400,171.1
20.433,157.1
20.467,155.3
20.500,156.9
20.533,161.8
20.567,164.9
20.600,171.7
20.633,175.2
20.667,181.3
20.700,185.2
20.733,185.8
20.767,183.3
20.800,178.7
20.833,166.1
20.867,152.5
20.900,150.0
20.933,151.5
20.967,156.1
21.000,159.3
21.033,166.3
21.067,169.8
21.100,177.9
21.133,182.1
21.167,183.1
21.200,181.8
21.233,178.7
21.267,168.1
21.300,154.7
21.333,153.1
21.367,155.1
21.400,157.4
21.433,165.4
21.467,171.8
21.500,175.0
21.533,180.5
21.567,182.2
21.600,183.8
21.633,180.7
21.667,177.1
21.700,165.3
21.733,158.2
21.767,153.1
21.800,156.5
21.833,159.0
21.867,165.1
21.900,168.4
21.933,174.7
21.967,180.0
22.000,181.7
22.033,182.4
22.067,180.6
22.100,170.6
22.133,159.3
22.167,154.1
22.200,154.0
22.233,155.9
22.267,160.9
22.300,166.8
22.333,170.0
22.367,175.9
22.400,178.2
22.433,181.2
22.467,180.3
22.500,177.8
22.533,170.3
22.567,165.2
22.600,155.4
22.633,156.4
22.667,158.5
22.700,163.4
22.733,166.3
22.767,172.3
22.800,179.5
22.833,181.4
22.867,183.4
22.900,182.7
22.933,178.5
22.967,170.8
23.000,165.5
23.033,159.3
23.067,160.0
23.100,163.6
23.133,168.8
23.167,171.7
23.200,177.2
23.233,179.6
23.267,183.5
23.300,183.8
23.333,182.7
23.367,177.9
23.400,174.1
23.433,160.8
23.467,156.2
23.500,157.3
23.533,162.2
23.567,164.7
23.600,170.4
23.633,176.0
23.667,178.6
23.700,181.5
23.733,180.2
23.767,178.6
23.800,172.2
23.833,167.3
23.867,157.0
23.900,155.4
23.933,156.8
23.967,161.0
24.000,163.7
24.033,169.7
24.067,176.8
24.100,179.0
24.133,181.4
24.167,181.2
24.200,178.7
24.233,171.9
24.267,167.0
24.300,157.0
24.333,156.5
24.367,158.2
24.400,162.8
24.433,165.6
24.467,174.0
24.500,176.7
24.533,181.4
24.567,183.1
24.600,182.8
24.633,180.1
24.667,177.3
24.700,168.3
24.733,158.2
24.767,158.4
24.800,161.3
24.833,164.0
24.867,169.5
24.900,175.3
24.933,178.1
24.967,181.7
25.000,182.6
25.033,182.0
25.067,175.9
25.100,172.1
25.133,162.7
25.167,158.3
25.200,157.2
25.233,160.9
25.267,163.6
25.300,169.6
25.333,172.9
25.367,178.4
25.400,181.4
25.433,182.4
25.467,180.5
25.500,178.3
25.533,171.3
25.567,163.6
25.600,160.8
25.633,160.5
25.667,162.1
25.700,167.0
25.733,172.9
25.767,175.8
25.800,182.6
25.833,184.0
25.867,184.4
25.900,181.8
25.933,179.6
25.967,173.8
26.000,170.7
26.033,166.3
26.067,166.5
26.100,167.7
26.133,171.6
26.167,174.2
26.200,179.6
26.233,183.9
26.267,185.1
26.300,185.4
26.333,182.8
26.367,180.7
26.400,175.3
26.433,170.5
26.467,166.1
26.500,165.1
26.533,165.8
26.567,168.5
26.600,170.2
26.633,174.1
26.667,177.8
26.700,179.2
26.733,180.7
26.767,180.7
26.800,178.7
26.833,174.1
26.867,171.2
26.900,165.6
26.933,163.3
26.967,162.4
27.000,164.5
27.033,166.2
27.067,170.5
27.100,172.8
27.133,178.4
27.167,180.5
27.200,180.3
27.233,177.9
27.267,176.0
27.300,170.7
27.333,165.8
27.367,164.6
27.400,164.9
27.433,166.4
27.467,169.3
27.500,173.4
27.533,175.4
27.567,178.4
27.600,179.3
27.633,179.3
27.667,177.1
27.700,175.5
27.733,172.0
27.767,168.7
27.800,167.0
27.833,166.8
27.867,167.3
27.900,169.4
27.933,170.6
27.967,173.3
28.000,175.6
28.033,176.4
28.067,176.9
28.100,176.6
28.133,174.8
28.167,172.3
28.200,170.9
28.233,168.4
28.267,167.5
28.300,166.7
28.333,167.7
28.367,168.6
28.400,171.4
28.433,173.5
28.467,176.0
28.500,177.4
28.533,177.3
28.567,176.0
28.600,174.7
28.633,171.5
28.667,168.2
28.700,166.7
28.733,165.7
28.767,165.5
28.800,167.4
28.833,170.7
28.867,172.3
28.900,175.4
28.933,176.6
28.967,177.5
29.000,176.1
29.033,174.9
29.067,170.2
29.100,166.1
29.133,164.5
29.167,163.2
29.200,162.8
29.233,165.1
29.267,168.5
29.300,170.6
29.333,174.3
29.367,175.5
29.400,176.6
29.433,176.2
29.467,174.9
29.500,171.1
29.533,168.9
29.567,165.3
29.600,164.0
29.633,164.2
29.667,166.6
29.700,168.3
29.733,172.1
29.767,177.2
29.800,178.3
29.833,179.7
29.867,179.5
29.900,177.7
29.933,174.6
29.967,172.8
30.000,169.6
30.033,168.7
30.067,167.8
30.100,169.1
30.133,170.2
30.167,173.4
30.200,175.1
30.233,178.2
30.267,180.2
30.300,180.6
30.333,179.8
30.367,178.7
30.400,175.5
30.433,169.3
30.467,167.5
30.500,165.2
30.533,165.0
30.567,166.7
30.600,170.1
30.633,172.1
30.667,176.2
30.700,177.9
30.733,179.8
30.767,179.8
30.800,178.7
30.833,174.8
30.867,172.4
30.900,167.6
30.933,164.9
30.967,164.7
31.000,166.8
31.033,168.5
31.067,175.1
31.100,179.6
31.133,181.4
31.167,183.3
31.200,183.3
31.233,181.3
31.267,177.3
31.300,175.0
31.333,170.0
31.367,168.0
31.400,166.5
31.433,168.7
31.467,170.5
31.500,175.1
31.533,177.5
31.567,181.6
31.600,183.7
31.633,184.0
31.667,182.1
31.700,178.1
31.733,175.4
31.767,167.6
31.800,165.8
31.833,164.2
31.867,166.3
31.900,168.2
31.933,172.8
31.967,175.4
32.000,180.0
32.033,182.5
32.067,183.0
32.100,181.4
32.133,179.6
32.167,174.4
32.200,168.6
32.233,166.3
32.267,163.9
32.300,164.3
32.333,167.6
32.367,172.7
32.400,177.6
32.433,182.4
32.467,184.3
32.500,186.0
32.533,184.6
32.567,182.8
32.600,177.7
32.633,174.5
32.667,168.1
32.700,164.6
32.733,165.2
32.767,168.9
32.800,171.7
32.833,177.5
32.867,183.2
32.900,185.3
32.933,187.4
32.967,187.2
33.000,183.7
33.033,177.4
33.067,170.7
33.100,162.4
33.133,159.5
33.167,160.2
33.200,165.3
33.233,168.5
33.267,175.6
33.300,179.1
33.333,185.0
33.367,187.3
33.400,186.6
33.433,182.2
33.467,178.5
33.500,169.1
33.533,159.2
33.567,157.5
33.600,159.6
33.633,162.5
33.667,169.3
33.700,177.1
33.733,180.7
33.767,186.6
33.800,189.5
33.833,188.6
33.867,182.8
33.900,178.7
33.933,168.5
33.967,162.8
34.000,158.4
34.033,161.5
34.067,164.6
34.100,173.7
34.133,177.5
34.167,184.4
34.200,189.1
34.233,190.0
34.267,188.0
34.300,185.7
34.333,178.2
34.367,169.3
34.400,165.3
34.433,159.9
34.467,163.8
34.500,167.1
34.533,174.1
34.567,177.5
34.600,183.5
34.633,186.6
34.667,186.3
34.700,182.6
34.733,179.2
34.767,168.8
34.800,159.6
34.833,156.7
34.867,157.2
34.900,159.1
34.933,164.1
34.967,170.6
35.000,173.6
35.033,178.8
35.067,180.4
35.100,181.4
35.133,178.3
35.167,175.4
35.200,168.0
35.233,164.3
35.267,159.5
35.300,159.5
35.333,161.1
35.367,165.8
35.400,171.2
35.433,176.8
35.467,181.3
35.500,182.6
35.533,183.3
35.567,182.5
35.600,179.0
35.633,173.6
35.667,170.7
35.700,166.3
35.733,165.5
35.767,166.8
35.800,170.3
35.833,172.9
35.867,178.3
35.900,180.6
35.933,184.2
35.967,185.4
36.000,185.0
36.033,182.2
36.067,180.0
36.100,171.1
36.133,165.2
36.167,163.1
36.200,162.5
36.233,163.9
36.267,169.0
36.300,174.8
36.333,177.8
36.367,182.8
36.400,184.8
36.433,185.0
36.467,181.3
36.500,178.3
36.533,169.4
36.567,164.4
36.600,156.5
36.633,157.3
36.667,159.5
36.700,165.7
36.733,169.2
36.767,179.1
36.800,184.7
36.833,186.4
36.867,186.7
36.900,185.3
36.933,180.6
36.967,172.3
37.000,167.6
37.033,160.3
37.067,160.0
37.100,162.2
37.133,168.3
37.167,171.8
37.200,178.9
37.233,184.7
37.267,186.8
37.300,188.3
37.333,187.9
37.367,184.2
37.400,176.6
37.433,167.3
37.467,154.9
37.500,153.0
37.533,154.0
37.567,160.5
37.600,164.8
37.633,173.7
37.667,178.1
37.700,186.2
37.733,190.9
37.767,191.1
37.800,187.5
37.833,183.9
37.867,170.7
37.900,148.9
37.933,145.4
37.967,146.8
38.000,149.6
38.033,157.4
38.067,167.1
38.100,172.0
38.133,185.3
38.167,189.2
38.200,194.8
38.233,194.6
38.267,191.8
38.300,180.1
38.333,168.8
38.367,146.7
38.400,147.2
38.433,146.4
38.467,153.7
38.500,158.4
38.533,168.7
38.567,179.6
38.600,184.6
38.633,192.8
38.667,195.5
38.700,195.9
38.733,185.3
38.767,176.4
38.800,142.9
38.833,134.8
38.867,135.3
38.900,140.7
38.933,144.6
38.967,154.2
39.000,159.6
39.033,171.3
39.067,184.9
39.100,189.1
39.133,194.1
39.167,194.5
39.200,188.3
39.233,171.1
39.267,153.9
39.300,140.1
39.333,141.8
39.367,146.3
39.400,153.8
39.433,162.1
39.467,171.0
39.500,175.9
39.533,184.5
39.567,190.5
39.600,192.4
39.633,192.7
39.667,189.8
39.700,177.1
39.733,153.5
39.767,145.6
39.800,148.5
39.833,155.0
39.867,159.2
39.900,166.9
39.933,170.7
39.967,177.9
40.000,183.8
40.033,185.9
40.067,186.2
40.100,184.6
40.133,176.3
40.167,158.0
40.200,148.1
40.233,148.5
40.267,150.7
40.300,157.1
40.333,164.5
40.367,168.6
40.400,178.8
40.433,182.0
40.467,186.8
40.500,187.9
40.533,186.6
40.567,179.3
40.600,172.6
40.633,152.0
40.667,149.3
40.700,151.1
40.733,156.7
40.767,162.0
40.800,169.3
40.833,177.2
40.867,180.8
40.900,186.3
40.933,187.9
40.967,188.4
41.000,182.7
41.033,177.0
41.067,148.2
41.100,142.6
41.133,143.6
41.167,149.3
41.200,152.9
41.233,161.1
41.267,165.6
41.300,174.3
41.333,181.4
41.367,183.7
41.400,185.5
41.433,184.4
41.467,175.5
41.500,153.1
41.533,141.9
41.567,142.2
41.600,144.3
41.633,150.5
41.667,158.0
41.700,162.1
41.733,170.6
41.767,178.4
41.800,184.2
41.833,186.9
41.867,186.7
41.900,182.0
41.933,176.5
41.967,154.3
42.000,150.0
42.033,151.7
42.067,158.4
42.100,161.7
42.133,169.0
42.167,176.5
42.200,180.0
42.233,185.8
42.267,187.6
42.300,188.6
42.333,184.2
42.367,179.1
42.400,156.0
42.433,147.1
42.467,147.8
42.500,153.0
42.533,156.4
42.567,163.5
42.600,170.9
42.633,174.4
42.667,180.4
42.700,182.3
42.733,183.7
42.767,179.6
42.800,174.7
42.833,157.4
42.867,147.6
42.900,147.5
42.933,152.1
42.967,155.3
43.000,162.3
43.033,165.9
43.067,175.4
43.100,180.9
43.133,182.6
43.167,183.9
43.200,182.6
43.233,175.8
43.267,161.2
43.300,151.3
43.333,149.8
43.367,151.5
43.400,159.2
43.433,165.6
43.467,168.9
43.500,175.7
43.533,178.9
43.567,183.3
43.600,185.0
43.633,183.6
43.667,177.3
43.700,171.9
43.733,150.6
43.767,147.6
43.800,149.0
43.833,154.4
43.867,157.7
43.900,164.8
43.933,172.4
43.967,176.0
44.000,181.6
44.033,183.3
44.067,181.5
44.100,174.0
44.133,167.9
44.167,149.9
44.200,146.0
44.233,146.9
44.267,152.0
44.300,155.4
44.333,163.1
44.367,167.2
44.400,177.1
44.433,183.1
44.467,184.8
44.500,184.2
44.533,181.5
44.567,171.6
44.600,153.5
44.633,147.6
44.667,147.4
44.700,149.2
44.733,158.4
44.767,165.9
44.800,169.9
44.833,177.9
44.867,181.3
44.900,186.3
44.933,187.4
44.967,185.5
45.000,176.7
45.033,169.8
45.067,143.7
45.100,141.7
45.133,143.2
45.167,148.9
45.200,152.8
45.233,161.6
45.267,170.8
45.300,175.2
45.333,182.4
45.367,186.1
45.400,184.7
45.433,176.9
45.467,169.1
45.500,141.6
45.533,136.4
45.567,137.6
45.600,142.5
45.633,146.2
45.667,154.9
45.700,164.7
45.733,169.6
45.767,182.1
45.800,185.2
45.833,188.6
45.867,184.8
45.900,179.5
45.933,156.9
45.967,141.8
46.000,139.5
46.033,145.9
46.067,148.8
46.100,156.5
46.133,160.9
46.167,170.2
46.200,179.6
46.233,183.5
46.267,188.6
46.300,189.8
46.333,187.0
46.367,174.5
46.400,153.7
46.433,133.1
46.467,132.9
46.500,136.0
46.533,142.6
46.567,146.7
46.600,155.9
46.633,160.8
46.667,171.1
46.700,180.9
46.733,183.6
46.767,186.2
46.800,185.2
46.833,175.3
46.867,145.9
46.900,134.2
46.933,132.7
46.967,134.0
47.000,139.2
47.033,147.1
47.067,157.3
47.100,166.9
47.133,171.8
47.167,180.9
47.200,186.2
47.233,187.7
47.267,187.9
47.300,185.2
47.333,171.1
47.367,140.0
47.400,137.3
47.433,131.4
47.467,133.3
47.500,139.4
47.533,147.5
47.567,152.0
47.600,162.1
47.633,167.3
47.667,177.2
47.700,182.2
47.733,183.4
47.767,181.5
47.800,177.2
47.833,155.7
47.867,129.3
47.900,128.2
47.933,130.1
47.967,132.4
48.000,138.9
48.033,152.8
48.067,157.2
48.100,166.8
48.133,176.6
48.167,180.1
48.200,185.2
48.233,186.1
48.267,183.5
48.300,170.7
48.333,155.1
48.367,134.8
48.400,129.1
48.433,131.4
48.467,137.0
48.500,140.4
48.533,148.6
48.567,153.1
48.600,162.8
48.633,172.8
48.667,177.1
48.700,181.5
48.733,182.1
48.767,178.6
48.800,164.1
48.833,148.4
48.867,129.1
48.900,128.9
48.933,131.8
48.967,137.3
49.000,140.7
49.033,148.8
49.067,153.1
49.100,168.0
49.133,177.2
49.167,181.2
49.200,185.9
49.233,186.2
49.267,182.8
49.300,170.4
49.333,155.5
49.367,137.6
49.400,132.8
49.433,136.1
49.467,141.7
49.500,145.5
49.533,153.6
49.567,157.8
49.600,167.1
49.633,176.1
49.667,179.9
49.700,183.1
49.733,183.4
49.767,179.2
49.800,164.9
49.833,149.3
49.867,132.8
49.900,133.5
49.933,137.4
49.967,143.8
50.000,147.8
50.033,159.4
50.067,163.7
50.100,172.7
50.133,181.1
50.167,184.3
50.200,187.2
50.233,187.3
50.267,182.0
50.300,164.9
50.333,149.1
50.367,138.3
50.400,139.4
50.433,141.4
50.467,148.6
50.500,152.7
50.533,161.5
50.567,166.1
50.600,175.6
50.633,184.1
50.667,187.2
50.700,188.6
50.733,184.7
50.767,179.0
50.800,153.4
50.833,138.4
50.867,133.6
50.900,137.9
50.933,141.1
50.967,149.0
51.000,153.5
51.033,163.1
51.067,176.5
51.100,181.2
51.133,189.3
51.167,192.0
51.200,193.5
51.233,187.2
51.267,179.5
51.300,147.8
51.333,139.2
51.367,138.8
51.400,143.7
51.433,147.0
51.467,154.9
51.500,159.4
51.533,169.0
51.567,179.2
51.600,184.2
51.633,192.0
51.667,194.4
51.700,191.8
51.733,181.2
51.767,169.7
51.800,135.3
51.833,132.3
51.867,134.0
51.900,139.4
51.933,142.8
51.967,151.0
52.000,155.7
52.033,169.3
52.067,179.8
52.100,184.7
52.133,192.2
52.167,193.7
52.200,191.1
52.233,177.6
52.267,164.5
52.300,138.9
52.333,138.2
52.367,140.5
52.400,147.0
52.433,150.1
52.467,158.1
52.500,162.5
52.533,172.0
52.567,182.0
52.600,186.5
52.633,192.7
52.667,194.1
52.700,189.9
52.733,175.0
52.767,155.7
52.800,137.3
52.833,137.6
52.867,141.1
52.900,147.3
52.933,150.7
52.967,158.5
53.000,162.8
53.033,172.0
53.067,183.4
53.100,187.0
53.133,191.3
53.167,191.6
53.200,186.4
53.233,169.3
53.267,151.6
53.300,143.6
53.333,146.2
53.367,149.0
53.400,157.8
53.433,161.3
53.467,168.7
53.500,177.1
53.533,181.5
53.567,189.4
53.600,192.4
53.633,195.2
53.667,192.0
53.700,186.9
53.733,155.7
53.767,142.3
53.800,141.2
53.833,145.0
53.867,147.9
53.900,155.0
53.933,158.7
53.967,167.2
54.000,176.4
54.033,181.0
54.067,189.8
54.100,192.4
54.133,194.1
54.167,188.0
54.200,180.1
54.233,148.5
54.267,144.4
54.300,144.5
54.333,148.9
54.367,152.6
54.400,163.4
54.433,167.4
54.467,175.8
54.500,184.9
54.533,188.7
54.567,193.5
54.600,194.5
54.633,193.6
54.667,185.1
54.700,176.6
54.733,143.5
54.767,141.6
54.800,143.3
54.833,148.7
54.867,152.1
54.900,159.7
54.933,163.9
54.967,172.8
55.000,180.6
55.033,184.0
55.067,187.8
55.100,188.1
55.133,184.6
55.167,173.7
55.200,162.5
55.233,142.2
55.267,141.4
55.300,144.0
55.333,149.8
55.367,153.3
55.400,164.8
55.433,168.8
55.467,176.9
55.500,184.1
55.533,186.8
55.567,190.1
55.600,189.9
55.633,185.3
55.667,170.8
55.700,154.5
55.733,139.0
55.767,139.4
55.800,143.7
55.833,150.8
55.867,154.8
55.900,163.9
55.933,169.0
55.967,179.2
56.000,187.8
56.033,190.9
56.067,194.0
56.100,190.1
56.133,184.8
56.167,157.1
56.200,141.3
56.233,139.8
56.267,144.1
56.300,147.7
56.333,156.9
56.367,162.1
56.400,177.9
56.433,188.5
56.467,193.8
56.500,202.5
56.533,205.4
56.567,207.1
56.600,200.0
56.633,191.6
56.667,154.5
56.700,146.9
56.733,140.7
56.767,146.3
56.800,150.8
56.833,161.9
56.867,168.1
56.900,181.2
56.933,194.2
56.967,200.5
57.000,210.2
57.033,212.7
57.067,212.6
57.100,200.3
57.133,187.4
57.167,142.3
57.200,138.8
57.233,140.8
57.267,147.5
57.300,152.2
57.333,163.0
57.367,173.5
57.400,185.1
57.433,196.0
57.467,200.9
57.500,208.6
57.533,210.8
57.567,211.4
57.600,202.8
57.633,193.9
57.667,156.4
57.700,152.4
57.733,148.7
57.767,154.2
57.800,158.1
57.833,167.5
57.867,172.6
57.900,183.4
57.933,193.9
57.967,198.7
58.000,206.8
58.033,208.8
58.067,211.2
58.100,199.6
58.133,186.1
58.167,148.4
58.200,147.6
58.233,150.2
58.267,156.8
58.300,161.4
58.333,171.4
58.367,182.4
58.400,192.2
58.433,201.5
58.467,205.0
58.500,211.0
58.533,212.7
58.567,211.8
58.600,200.3
58.633,190.7
58.667,164.2
58.700,162.4
58.733,160.4
58.767,166.0
58.800,170.1
58.833,179.2
58.867,189.0
58.900,193.7
58.933,202.2
58.967,205.5
59.000,209.3
59.033,205.2
59.067,200.2
59.100,188.1
59.133,181.6
59.167,162.2
59.200,158.2
59.233,159.1
59.267,164.4
59.300,168.1
59.333,176.5
59.367,187.3
59.400,191.4
59.433,199.0
59.467,202.1
59.500,205.4
59.533,202.6
59.567,197.8
59.600,180.7
59.633,170.6
59.667,152.2
59.700,153.2
59.733,155.9
59.767,162.4
59.800,166.1
59.833,174.0
59.867,182.9
59.900,187.0
59.933,194.1
59.967,196.8
60.000,199.3
60.033,192.7
60.067,186.8
60.100,168.1
60.133,154.8
60.167,148.9
60.200,152.9
60.233,156.1
60.267,163.2
60.300,167.0
60.333,174.8
60.367,184.6
60.400,187.7
60.433,192.3
60.467,193.5
60.500,192.8
60.533,186.6
60.567,180.9
60.600,163.6
60.633,156.6
60.667,155.8
60.700,160.9
60.733,163.7
60.767,169.6
60.800,172.6
60.833,179.0
60.867,185.0
60.900,187.3
60.933,190.6
60.967,191.2
61.000,189.5
61.033,180.4
61.067,174.3
61.100,154.0
61.133,148.7
61.167,150.1
61.200,155.1
61.233,157.9
61.267,163.9
61.300,167.1
61.333,173.6
61.367,179.6
61.400,183.6
61.433,186.3
61.467,185.2
61.500,182.7
61.533,173.4
61.567,166.4
61.600,146.1
61.633,145.9
61.667,147.6
61.700,152.2
61.733,154.6
61.767,162.8
61.800,169.0
61.833,172.4
61.867,179.2
61.900,182.1
61.933,185.7
61.967,185.1
62.000,182.4
62.033,168.0
62.067,157.9
62.100,141.6
62.133,143.2
62.167,144.8
62.200,148.5
62.233,150.5
62.267,156.1
62.300,164.0
62.333,168.3
62.367,176.7
62.400,181.6
62.433,186.1
62.467,186.0
62.500,183.6
62.533,171.2
62.567,160.5
62.600,148.3
62.633,150.9
62.667,156.2
62.700,160.1
62.733,161.7
62.767,166.4
62.800,173.1
62.833,176.8
62.867,184.1
62.900,187.2
62.933,191.3
62.967,191.1
63.000,188.5
63.033,177.8
63.067,169.5
63.100,150.4
63.133,154.4
63.167,157.5
63.200,164.1
63.233,166.7
63.267,171.3
63.300,177.8
63.333,181.6
63.367,188.2
63.400,190.2
63.433,191.9
63.467,188.3
63.500,184.5
63.533,173.8
63.567,163.5
63.600,155.8
63.633,160.3
63.667,163.5
63.700,173.4
63.733,176.9
63.767,183.2
63.800,189.4
63.833,192.2
63.867,196.5
63.900,197.0
63.933,194.9
63.967,187.8
64.000,182.2
64.033,162.1
64.067,158.0
64.100,155.2
64.133,160.8
64.167,163.9
64.200,171.4
64.233,179.4
64.267,183.0
64.300,189.2
64.333,191.5
64.367,193.0
64.400,189.2
64.433,184.8
64.467,167.6
64.500,155.0
64.533,152.3
64.567,157.5
64.600,160.9
64.633,168.8
64.667,173.1
64.700,185.3
64.733,193.0
64.767,196.1
64.800,199.7
64.833,200.3
64.867,196.4
64.900,185.1
64.933,176.4
64.967,163.2
65.000,163.5
65.033,168.6
65.067,176.3
65.100,180.4
65.133,189.0
65.167,193.4
65.200,201.3
65.233,207.0
65.267,208.8
65.300,208.5
65.333,205.1
65.367,191.0
65.400,167.7
65.433,162.6
65.467,162.6
65.500,165.1
65.533,172.9
65.567,182.7
65.600,187.6
65.633,196.7
65.667,200.8
65.700,206.6
65.733,207.2
65.767,204.9
65.800,196.2
65.833,190.0
65.867,175.3
65.900,159.8
65.933,158.0
65.967,161.2
66.000,164.6
66.033,177.1
66.067,185.3
66.100,189.2
66.133,196.7
66.167,199.6
66.200,203.4
66.233,203.1
66.267,201.0
66.300,191.0
66.333,182.4
66.367,158.6
66.400,154.8
66.433,157.5
66.467,164.8
66.500,169.0
66.533,177.0
66.567,185.1
66.600,188.6
66.633,194.2
66.667,195.9
66.700,195.4
66.733,188.3
66.767,182.1
66.800,161.2
66.833,152.1
66.867,155.1
66.900,162.2
66.933,166.2
66.967,174.5
67.000,183.1
67.033,189.4
67.067,195.2
67.100,197.0
67.133,197.8
67.167,194.0
67.200,189.9
67.233,175.5
67.267,162.6
67.300,157.0
67.333,163.3
67.367,166.7
67.400,173.9
67.433,177.7
67.467,185.6
67.500,189.3
67.533,195.0
67.567,197.6
67.600,197.5
67.633,193.4
67.667,178.1
67.700,168.4
67.733,151.6
67.767,152.3
67.800,157.0
67.833,164.0
67.867,168.0
67.900,176.7
67.933,181.1
67.967,189.4
68.000,195.2
68.033,197.6
68.067,197.1
68.100,194.4
68.133,180.8
68.167,156.2
68.200,152.7
68.233,154.9
68.267,157.5
68.300,164.4
68.333,172.9
68.367,181.0
68.400,189.8
68.433,193.7
68.467,199.6
68.500,202.3
68.533,202.3
68.567,196.7
68.600,189.1
68.633,163.3
68.667,156.3
68.700,157.3
68.733,160.2
68.767,163.8
68.800,172.0
68.833,181.4
68.867,186.1
68.900,194.3
68.933,197.6
68.967,201.6
69.000,199.7
69.033,193.7
69.067,176.2
69.100,165.9
69.133,153.3
69.167,154.4
69.200,157.0
69.233,164.1
69.267,168.1
69.300,176.6
69.333,185.0
69.367,190.3
69.400,196.0
69.433,197.9
69.467,198.6
69.500,193.1
69.533,188.3
69.567,176.3
69.600,166.3
69.633,164.4
69.667,165.0
69.700,166.6
69.733,170.8
69.767,176.4
69.800,179.7
69.833,187.3
69.867,191.2
69.900,196.6
69.933,199.1
69.967,199.2
70.000,197.4
70.033,194.2
70.067,187.7
70.100,176.7
70.133,168.9
70.167,160.5
70.200,158.9
70.233,159.2
70.267,162.9
70.300,166.3
70.333,174.4
70.367,181.2
70.400,188.0
70.433,194.4
70.467,196.9
70.500,199.3
70.533,198.8
70.567,194.6
70.600,182.4
70.633,173.6
70.667,155.2
70.700,153.2
70.733,154.6
70.767,159.8
70.800,163.2
70.833,170.9
70.867,175.1
70.900,183.6
70.933,190.8
70.967,193.0
71.000,194.7
71.033,193.4
71.067,187.6
71.100,174.6
71.133,166.1
71.167,152.0
71.200,151.5
71.233,154.1
71.267,159.7
71.300,163.2
71.333,171.3
71.367,178.6
71.400,186.2
71.433,191.7
71.467,192.8
71.500,192.8
71.533,191.7
71.567,184.9
71.600,172.1
71.633,162.8
71.667,152.9
71.700,153.2
71.733,156.8
71.767,163.2
71.800,167.0
71.833,175.5
71.867,179.8
71.900,187.7
71.933,193.2
71.967,193.7
72.000,189.8
72.033,186.8
72.067,175.6
72.100,157.0
72.133,146.5
72.167,143.2
72.200,144.5
72.233,150.3
72.267,158.8
72.300,163.4
72.333,173.5
72.367,186.4
72.400,190.6
72.433,195.7
72.467,195.9
72.500,192.3
72.533,181.1
72.567,170.9
72.600,143.1
72.633,140.3
72.667,143.7
72.700,148.6
72.733,152.4
72.767,161.1
72.800,165.7
72.833,175.4
72.867,185.0
72.900,188.9
72.933,194.5
72.967,195.2
73.000,190.6
73.033,171.4
73.067,155.5
73.100,132.6
73.133,132.3
73.167,135.4
73.200,141.5
73.233,145.4
73.267,154.2
73.300,158.9
73.333,168.9
73.367,178.2
73.400,184.6
73.433,189.2
73.467,189.7
73.500,185.5
73.533,169.9
73.567,153.7
73.600,136.3
73.633,136.2
73.667,139.3
73.700,148.3
73.733,152.1
73.767,160.0
73.800,164.4
73.833,173.5
73.867,181.9
73.900,185.1
73.933,188.9
73.967,189.1
74.000,184.7
74.033,169.1
74.067,145.9
74.100,132.3
74.133,132.5
74.167,136.0
74.200,142.5
74.233,146.4
74.267,155.0
74.300,159.6
74.333,169.2
74.367,180.6
74.400,183.7
74.433,187.0
74.467,186.6
74.500,180.6
74.533,161.9
74.567,144.1
74.600,135.5
74.633,136.2
74.667,144.7
74.700,151.7
74.733,155.8
74.767,164.9
74.800,169.6
74.833,179.1
74.867,187.2
74.900,189.9
74.933,192.1
74.967,188.4
75.000,183.1
75.033,159.2
75.067,144.3
75.100,140.7
75.133,144.9
75.167,148.1
75.200,156.5
75.233,161.3
75.267,171.1
75.300,181.0
75.333,185.5
75.367,192.5
75.400,193.9
75.433,194.2
75.467,186.6
75.500,178.3
75.533,145.8
75.567,140.7
75.600,141.5
75.633,149.2
75.667,152.8
75.700,160.8
75.733,165.1
75.767,174.6
75.800,184.3
75.833,188.5
75.867,194.4
75.900,195.7
75.933,193.6
75.967,180.5
76.000,165.5
76.033,136.8
76.067,136.9
76.100,140.4
76.133,146.8
76.167,150.6
76.200,159.2
76.233,163.8
76.267,174.0
76.300,183.3
76.333,187.3
76.367,191.8
76.400,191.8
76.433,185.0
76.467,160.0
76.500,142.9
76.533,139.0
76.567,140.5
76.600,146.0
76.633,153.6
76.667,161.3
76.700,170.5
76.733,175.3
76.767,185.2
76.800,193.1
76.833,193.1
76.867,196.5
76.900,194.8
76.933,183.4
76.967,151.2
77.000,144.4
77.033,140.5
77.067,143.0
77.100,149.7
77.133,158.3
77.167,162.9
77.200,173.0
77.233,178.2
77.267,187.9
77.300,194.8
77.333,196.7
77.367,195.4
77.400,191.4
77.433,170.9
77.467,138.4
77.500,138.5
77.533,142.5
77.567,145.8
77.600,154.0
77.633,163.9
77.667,169.2
77.700,183.3
77.733,193.2
77.767,196.9
77.800,201.5
77.833,201.5
77.867,197.0
77.900,178.1
77.933,157.2
77.967,145.2
78.000,146.9
78.033,152.0
78.067,160.0
78.100,164.3
78.133,174.1
78.167,179.2
78.200,188.9
78.233,196.1
78.267,198.2
78.300,199.2
78.333,197.4
78.367,182.5
78.400,148.4
78.433,142.8
78.467,145.4
78.500,148.4
78.533,155.8
78.567,164.5
78.600,169.2
78.633,178.6
78.667,183.2
78.700,191.7
78.733,195.7
78.767,196.2
78.800,192.0
78.833,186.0
78.867,159.4
78.900,146.6
78.933,147.7
78.967,153.4
79.000,157.1
79.033,169.1
79.067,177.7
79.100,182.0
79.133,189.8
79.167,192.8
79.200,196.8
79.233,196.3
79.267,193.8
79.300,180.4
79.333,166.0
79.367,143.8
79.400,146.7
79.433,149.5
79.467,157.0
79.500,161.4
79.533,170.6
79.567,180.0
79.600,184.2
79.633,190.6
79.667,192.6
79.700,193.0
79.733,184.7
79.767,174.9
79.800,146.9
79.833,144.6
79.867,146.9
79.900,153.2
79.933,157.3
79.967,166.3
80.000,171.2
80.033,184.1
80.067,191.7
80.100,194.5
80.133,197.8
80.167,197.4
80.200,189.6
80.233,171.4
80.267,158.1
80.300,153.6
80.333,154.9
80.367,160.6
80.400,168.6
80.433,173.2
80.467,182.6
80.500,191.1
80.533,194.7
80.567,199.6
80.600,200.7
80.633,196.7
80.667,180.6
80.700,172.2
80.733,151.4
80.767,149.0
80.800,151.0
80.833,157.8
80.867,162.2
80.900,171.5
80.933,176.4
80.967,185.9
81.000,194.3
81.033,196.8
81.067,198.0
81.100,195.3
81.133,184.1
81.167,167.0
81.200,155.4
81.233,148.7
81.267,149.8
81.300,156.0
81.333,168.7
81.367,173.4
81.400,183.5
81.433,188.3
81.467,196.4
81.500,201.1
81.533,201.6
81.567,196.8
81.600,191.6
81.633,175.9
81.667,148.6
81.700,146.7
81.733,149.4
81.767,152.6
81.800,162.3
81.833,173.8
81.867,179.9
81.900,191.0
81.933,195.7
81.967,202.7
82.000,202.2
82.033,199.8
82.067,188.3
82.100,177.8
82.133,145.6
82.167,141.1
82.200,142.9
82.233,149.9
82.267,155.0
82.300,166.7
82.333,179.1
82.367,188.6
82.400,198.9
82.433,203.0
82.467,207.6
82.500,205.4
82.533,201.6
82.567,184.4
82.600,168.0
82.633,146.5
82.667,146.8
82.700,149.9
82.733,158.7
82.767,164.2
82.800,175.6
82.833,187.2
82.867,192.9
82.900,202.5
82.933,205.8
82.967,208.9
83.000,203.3
83.033,197.0
83.067,171.3
83.100,140.6
83.133,139.9
83.167,143.5
83.200,147.1
83.233,156.6
83.267,167.9
83.300,173.8
83.333,189.1
83.367,194.3
83.400,202.7
83.433,206.8
83.467,207.0
83.500,202.3
83.533,195.8
83.567,169.6
83.600,146.0
83.633,145.4
83.667,150.0
83.700,153.5
83.733,162.5
83.767,172.9
83.800,178.2
83.833,189.2
83.867,194.2
83.900,201.5
83.933,204.7
83.967,204.1
84.000,195.2
84.033,187.6
84.067,156.7
84.100,140.5
84.133,141.7
84.167,147.0
84.200,150.8
84.233,160.0
84.267,170.6
84.300,176.4
84.333,190.0
84.367,194.7
84.400,200.5
84.433,202.0
84.467,200.5
84.500,191.7
84.533,183.0
84.567,149.5
84.600,144.0
84.633,145.3
84.667,152.9
84.700,156.9
84.733,165.7
84.767,175.7
84.800,180.8
84.833,190.5
84.867,194.4
84.900,198.9
84.933,198.6
84.967,196.3
85.000,181.4
85.033,170.2
85.067,139.1
85.100,138.4
85.133,140.3
85.167,146.5
85.200,150.5
85.233,159.8
85.267,170.3
85.300,175.5
85.333,187.9
85.367,191.9
85.400,195.8
85.433,194.3
85.467,191.0
85.500,178.0
85.533,165.5
85.567,141.4
85.600,141.6
85.633,143.7
85.667,154.2
85.700,158.3
85.733,167.3
85.767,177.2
85.800,182.2
85.833,191.0
85.867,196.4
85.900,197.4
85.933,195.7
85.967,192.0
86.000,171.6
86.033,140.2
86.067,137.2
86.100,138.1
86.133,140.3
86.167,147.6
86.200,156.7
86.233,161.7
86.267,172.2
86.300,177.5
86.333,188.7
86.367,194.7
86.400,196.0
86.433,194.4
86.467,190.4
86.500,174.2
86.533,143.5
86.567,140.3
86.600,140.8
86.633,142.9
86.667,149.8
86.700,162.8
86.733,167.7
86.767,177.9
86.800,183.1
86.833,192.4
86.867,198.7
86.900,200.5
86.933,199.8
86.967,196.7
87.000,183.1
87.033,144.3
87.067,138.1
87.100,137.3
87.133,138.9
87.167,145.3
87.200,154.0
87.233,158.9
87.267,168.9
87.300,174.3
87.333,186.9
87.367,195.6
87.400,198.4
87.433,200.3
87.467,198.7
87.500,188.0
87.533,162.1
87.567,147.9
87.600,143.1
87.633,143.6
87.667,148.0
87.700,158.1
87.733,162.1
87.767,170.6
87.800,175.1
87.833,184.6
87.867,193.3
87.900,196.7
87.933,201.2
87.967,201.6
88.000,197.9
88.033,181.9
88.067,171.0
88.100,148.2
88.133,146.2
88.167,146.2
88.200,150.7
88.233,153.9
88.267,161.6
88.300,165.7
88.333,174.0
88.367,184.9
88.400,188.8
88.433,195.1
88.467,197.3
88.500,198.5
88.533,195.1
88.567,191.3
88.600,174.7
88.633,155.5
88.667,150.3
88.700,150.4
88.733,151.8
88.767,157.1
88.800,164.2
88.833,168.0
88.867,174.7
88.900,177.7
88.933,182.6
88.967,186.6
89.000,188.2
89.033,189.0
89.067,188.7
89.100,185.2
89.133,174.8
89.167,161.5
89.200,148.6
89.233,148.4
89.267,150.5
89.300,159.9
89.333,162.7
89.367,168.9
89.400,172.0
89.433,177.5
89.467,181.9
89.500,183.2
89.533,183.9
89.567,183.2
89.600,180.0
89.633,173.1
89.667,162.1
89.700,145.0
89.733,141.5
89.767,142.0
89.800,146.0
89.833,148.8
89.867,155.5
89.900,159.6
89.933,168.3
89.967,176.9
90.000,180.5
90.033,186.5
90.067,187.5
90.100,185.5
90.133,175.5
90.167,165.6
90.200,138.1
90.233,136.4
90.267,137.6
90.300,142.3
90.333,145.5
90.367,153.5
90.400,164.2
90.433,174.0
90.467,184.4
90.500,189.0
90.533,196.0
90.567,198.0
90.600,198.7
90.633,189.0
90.667,181.9
90.700,155.9
90.733,141.7
90.767,135.7
90.800,138.0
90.833,140.4
90.867,147.3
90.900,151.5
90.933,161.1
90.967,171.7
91.000,180.4
91.033,190.5
91.067,195.1
91.100,201.7
91.133,203.8
91.167,202.9
91.200,194.7
91.233,174.8
91.267,155.1
91.300,138.6
91.333,137.9
91.367,137.3
91.400,143.2
91.433,147.0
91.467,156.0
91.500,160.9
91.533,171.7
91.567,182.9
91.600,188.4
91.633,198.2
91.667,201.6
91.700,205.0
91.733,200.1
91.767,193.0
91.800,167.8
91.833,146.7
91.867,137.9
91.900,138.5
91.933,140.5
91.967,147.2
92.000,157.1
92.033,166.3
92.067,176.8
92.100,182.5
92.133,193.3
92.167,198.1
92.200,205.3
92.233,207.6
92.267,205.9
92.300,196.4
92.333,187.5
92.367,151.5
92.400,147.5
92.433,148.2
92.467,153.2
92.500,157.4
92.533,167.5
92.567,179.2
92.600,185.2
92.633,196.5
92.667,201.3
92.700,209.2
92.733,211.4
92.767,210.5
92.800,204.7
92.833,199.6
92.867,186.7
92.900,168.1
92.933,155.1
92.967,152.9
93.000,154.8
93.033,160.9
93.067,169.5
93.100,174.1
93.133,183.9
93.167,188.7
93.200,197.5
93.233,203.6
93.267,204.8
93.300,201.3
93.333,197.4
93.367,180.7
93.400,148.2
93.433,144.1
93.467,146.4
93.500,149.2
93.533,156.9
93.567,166.5
93.600,171.5
93.633,182.1
93.667,187.3
93.700,198.2
93.733,203.5
93.767,204.2
93.800,200.1
93.833,194.7
93.867,174.5
93.900,150.6
93.933,150.5
93.967,154.5
94.000,163.5
94.033,167.9
94.067,177.5
94.100,182.6
94.133,192.6
94.167,200.8
94.200,203.8
94.233,206.8
94.267,206.3
94.300,199.4
94.333,174.4
94.367,155.8
94.400,148.5
94.433,149.6
94.467,155.2
94.500,163.6
94.533,168.2
94.567,177.7
94.600,182.4
94.633,190.5
94.667,196.8
94.700,197.8
94.733,196.1
94.767,192.8
94.800,179.6
94.833,153.4
94.867,151.6
94.900,154.3
94.933,157.2
94.967,164.4
95.000,175.9
95.033,180.1
95.067,187.7
95.100,190.9
95.133,195.0
95.167,195.9
95.200,194.6
95.233,187.7
95.267,182.0
95.300,164.4
95.333,160.3
95.367,162.8
95.400,169.3
95.433,172.7
95.467,179.8
95.500,186.5
95.533,189.5
95.567,193.9
95.600,195.0
95.633,193.4
95.667,188.3
95.700,183.3
95.733,167.6
95.767,162.3
95.800,164.4
95.833,170.5
95.867,174.3
95.900,181.9
95.933,185.6
95.967,192.2
96.000,198.4
96.033,200.0
96.067,200.6
96.100,199.1
96.133,191.4
96.167,175.1
96.200,168.4
96.233,165.9
96.267,167.1
96.300,172.8
96.333,182.9
96.367,186.4
96.400,193.5
96.433,196.7
96.467,201.9
96.500,205.2
96.533,205.5
96.567,202.8
96.600,195.2
96.633,187.3
96.667,174.4
96.700,170.8
96.733,169.6
96.767,173.4
96.800,176.3
96.833,183.0
96.867,186.0
96.900,191.9
96.933,197.2
96.967,199.5
97.000,203.1
97.033,203.5
97.067,201.3
97.100,195.9
97.133,192.1
97.167,182.6
97.200,175.9
97.233,168.4
97.267,168.1
97.300,169.7
97.333,176.5
97.367,179.8
97.400,186.9
97.433,193.5
97.467,196.2
97.500,201.4
97.533,203.4
97.567,205.9
97.600,206.2
97.633,204.9
97.667,195.0
97.700,187.5
97.733,169.5
97.767,161.1
97.800,159.7
97.833,159.9
97.867,161.1
97.900,166.1
97.933,176.6
97.967,179.9
98.000,186.7
98.033,190.6
98.067,197.9
98.100,203.2
98.133,204.7
98.167,204.4
98.200,201.9
98.233,188.0
98.267,163.5
98.300,156.9
98.333,149.2
98.367,149.4
98.400,153.2
98.433,160.0
98.467,164.0
98.500,172.3
98.533,176.1
98.567,184.7
98.600,192.6
98.633,196.7
98.667,200.4
98.700,200.4
98.733,195.3
98.767,179.3
98.800,164.5
98.833,143.8
98.867,142.8
98.900,144.8
98.933,151.4
98.967,161.3
99.000,169.8
99.033,174.4
99.067,183.6
99.100,192.7
99.133,196.2
99.167,201.9
99.200,203.0
99.233,200.9
99.267,190.1
99.300,180.5
99.333,147.6
99.367,138.6
99.400,140.2
99.433,146.1
99.467,150.1
99.500,159.9
99.533,170.9
99.567,176.8
99.600,187.7
99.633,187.7
99.667,201.3
99.700,203.5
99.733,202.0
99.767,191.0
99.800,180.0
99.833,142.1
99.867,138.7
99.900,139.8
99.933,146.8
99.967,151.2
100.000,161.6
100.033,178.6
100.067,184.1
100.100,194.7
100.133,199.2
100.167,205.6
100.200,206.9
100.233,205.0
100.267,195.2
100.300,183.8
100.333,143.6
100.367,141.0
100.400,143.6
100.433,150.7
100.467,154.7
100.500,163.6
100.533,172.9
100.567,177.9
100.600,187.0
100.633,190.9
100.667,195.7
100.700,195.5
100.733,193.1
100.767,181.4
100.800,168.8
100.833,147.6
100.867,149.3
100.900,152.4
100.933,160.2
100.967,164.3
101.000,176.4
101.033,184.3
101.067,188.0
101.100,194.0
101.133,196.4
101.167,197.8
101.200,193.8
101.233,189.3
101.267,171.5
101.300,159.2
101.333,154.0
101.367,152.2
101.400,155.7
101.433,163.7
101.467,167.9
101.500,176.3
101.533,184.1
101.567,187.6
101.600,192.1
101.633,193.9
101.667,194.4
101.700,189.2
101.733,183.6
101.767,163.3
101.800,149.7
101.833,147.0
101.867,151.7
101.900,155.3
101.933,164.1
101.967,179.4
102.000,184.5
102.033,194.6
102.067,199.0
102.100,204.6
102.133,205.9
102.167,204.5
102.200,197.5
102.233,190.9
102.267,166.0
102.300,155.2
102.333,155.8
102.367,155.5
102.400,159.3
102.433,167.7
102.467,177.3
102.500,182.2
102.533,191.3
102.567,195.3
102.600,200.1
102.633,200.6
102.667,197.5
102.700,187.5
102.733,179.0
102.767,148.6
102.800,144.4
102.833,146.1
102.867,152.9
102.900,157.4
102.933,167.3
102.967,177.8
103.000,188.3
103.033,197.8
103.067,201.7
103.100,206.3
103.133,204.7
103.167,201.3
103.200,186.8
103.233,172.5
103.267,152.3
103.300,152.3
103.333,155.2
103.367,162.9
103.400,167.6
103.433,177.0
103.467,186.4
103.500,190.8
103.533,197.7
103.567,199.3
103.600,198.3
103.633,191.1
103.667,182.9
103.700,160.8
103.733,151.7
103.767,152.4
103.800,158.8
103.833,162.9
103.867,172.0
103.900,176.5
103.933,185.7
103.967,195.0
104.000,197.6
104.033,200.0
104.067,199.6
104.100,194.2
104.133,182.0
104.167,168.8
104.200,154.6
104.233,155.9
104.267,161.5
104.300,174.7
104.333,179.0
104.367,187.7
104.400,192.1
104.433,199.4
104.467,204.6
104.500,205.7
104.533,202.4
104.567,198.5
104.600,186.4
104.633,164.6
104.667,161.4
104.700,156.8
104.733,163.2
104.767,167.2
104.800,175.9
104.833,180.2
104.867,188.8
104.900,196.2
104.933,199.0
104.967,200.6
105.000,198.2
105.033,189.1
105.067,171.8
105.100,156.9
105.133,150.4
105.167,151.9
105.200,158.0
105.233,166.0
105.267,170.2
105.300,182.6
105.333,186.5
105.367,193.4
105.400,198.1
105.433,199.2
105.467,198.2
105.500,195.5
105.533,185.1
105.567,160.3
105.600,156.6
105.633,157.1
105.667,159.4
105.700,166.1
105.733,174.2
105.767,178.2
105.800,185.8
105.833,189.3
105.867,194.9
105.900,197.6
105.933,197.3
105.967,193.1
106.000,186.1
106.033,166.9
106.067,152.8
106.100,153.3
106.133,158.0
106.167,161.6
106.200,169.8
106.233,178.4
106.267,182.5
106.300,191.9
106.333,194.8
106.367,198.2
106.400,197.1
106.433,194.6
106.467,185.1
106.500,175.5
106.533,156.4
106.567,157.2
106.600,159.8
106.633,171.2
106.667,175.2
106.700,183.7
106.733,192.1
106.767,196.1
106.800,202.4
106.833,204.0
106.867,202.5
106.900,194.6
106.933,189.5
106.967,160.3
107.000,151.8
107.033,152.3
107.067,156.4
107.100,159.4
107.133,166.5
107.167,170.4
107.200,179.3
107.233,187.1
107.267,190.0
107.300,191.8
107.333,187.3
107.367,182.9
107.400,169.8
107.433,157.9
107.467,151.7
107.500,154.8
107.533,157.5
107.567,164.3
107.600,168.1
107.633,180.9
107.667,189.8
107.700,193.0
107.733,197.5
107.767,198.0
107.800,194.6
107.833,186.4
107.867,180.5
107.900,162.1
107.933,159.5
107.967,161.4
108.000,167.4
108.033,170.9
108.067,178.3
108.100,182.2
108.133,190.0
108.167,196.3
108.200,198.4
108.233,198.1
108.267,195.6
108.300,183.6
108.333,170.3
108.367,159.0
108.400,153.6
108.433,155.8
108.467,161.8
108.500,169.3
108.533,173.4
108.567,181.3
108.600,185.1
108.633,192.8
108.667,195.9
108.700,195.4
108.733,189.1
108.767,184.3
108.800,173.5
108.833,156.9
108.867,153.6
108.900,155.9
108.933,158.5
108.967,169.1
109.000,176.6
109.033,180.1
109.067,186.7
109.100,189.8
109.133,193.7
109.167,193.0
109.200,190.8
109.233,183.3
109.267,178.7
109.300,161.2
109.333,152.5
109.367,153.2
109.400,157.9
109.433,160.9
109.467,167.8
109.500,175.5
109.533,179.4
109.567,185.5
109.600,187.8
109.633,189.5
109.667,187.0
109.700,184.0
109.733,175.2
109.767,170.4
109.800,157.5
109.833,153.6
109.867,155.2
109.900,160.8
109.933,164.3
109.967,174.4
110.000,180.6
110.033,183.5
110.067,188.6
110.100,191.7
110.133,192.1
110.167,190.8
110.200,189.0
110.233,182.7
110.267,169.6
110.300,163.4
110.333,157.6
110.367,158.7
110.400,163.2
110.433,168.3
110.467,171.0
110.500,176.7
110.533,179.8
110.567,185.1
110.600,188.8
110.633,189.7
110.667,188.3
110.700,185.6
110.733,175.7
110.767,158.8
110.800,153.1
110.833,153.0
110.867,154.7
110.900,159.8
110.933,169.6
110.967,172.9
111.000,179.6
111.033,182.4
111.067,186.8
111.100,188.5
111.133,188.0
111.167,182.8
111.200,177.0
111.233,155.9
111.267,146.4
111.300,146.7
111.333,150.0
111.367,153.3
111.400,161.2
111.433,170.2
111.467,174.9
111.500,183.8
111.533,187.5
111.567,192.7
111.600,193.3
111.633,188.9
111.667,174.2
111.700,158.8
111.733,132.9
111.767,133.5
111.800,135.6
111.833,142.3
111.867,146.9
111.900,157.0
111.933,167.8
111.967,177.2
112.000,186.8
112.033,190.1
112.067,193.2
112.100,190.8
112.133,187.2
112.167,170.4
112.200,151.2
112.233,134.8
112.267,138.3
112.300,140.5
112.333,147.2
112.367,151.6
112.400,161.1
112.433,171.0
112.467,176.1
112.500,185.6
112.533,189.4
112.567,193.2
112.600,192.1
112.633,186.0
112.667,170.7
112.700,154.1
112.733,127.5
112.767,128.6
112.800,130.6
112.833,136.9
112.867,145.6
112.900,150.4
112.933,160.4
112.967,169.2
113.000,179.0
113.033,186.1
113.067,188.1
113.100,188.3
113.133,185.9
113.167,172.1
113.200,138.8
113.233,133.6
113.267,135.6
113.300,137.8
113.333,144.5
113.367,153.5
113.400,158.5
113.433,168.9
113.467,174.1
113.500,184.4
113.533,192.0
113.567,194.1
113.600,194.4
113.633,191.7
113.667,172.0
113.700,136.2
113.733,127.8
113.767,128.5
113.800,130.4
113.833,136.5
113.867,145.1
113.900,150.1
113.933,160.8
113.967,166.5
114.000,180.8
114.033,189.4
114.067,192.2
114.100,193.6
114.133,192.0
114.167,181.8
114.200,157.6
114.233,138.7
114.267,129.9
114.300,130.5
114.333,134.7
114.367,142.0
114.400,146.3
114.433,156.0
114.467,161.3
114.500,172.5
114.533,183.0
114.567,187.3
114.600,192.5
114.633,191.8
114.667,187.2
114.700,172.5
114.733,157.2
114.767,129.4
114.800,128.5
114.833,130.7
114.867,136.4
114.900,140.4
114.933,149.2
114.967,154.1
115.000,168.8
115.033,179.1
115.067,183.9
115.100,191.4
115.133,193.9
115.167,194.2
115.200,187.3
115.233,179.7
115.267,149.4
115.300,137.1
115.333,128.0
115.367,131.4
115.400,134.6
115.433,142.4
115.467,151.6
115.500,156.4
115.533,166.7
115.567,171.9
115.600,182.6
115.633,190.0
115.667,191.9
115.700,191.3
115.733,187.9
115.767,171.5
115.800,136.4
115.833,130.2
115.867,129.4
115.900,131.1
115.933,136.3
115.967,144.0
116.000,154.2
116.033,163.1
116.067,167.8
116.100,177.3
116.133,186.2
116.167,190.1
116.200,194.7
116.233,195.3
116.267,191.2
116.300,170.4
116.333,153.1
116.367,128.5
116.400,127.8
116.433,129.6
116.467,134.9
116.500,138.3
116.533,146.7
116.567,151.3
116.600,160.7
116.633,174.2
116.667,178.7
116.700,186.8
116.733,189.8
116.767,192.7
116.800,190.0
116.833,185.2
116.867,161.9
116.900,142.8
116.933,134.5
116.967,134.6
117.000,136.4
117.033,142.6
117.067,146.6
117.100,155.1
117.133,164.3
117.167,169.0
117.200,178.3
117.233,182.8
117.267,189.5
117.300,191.1
117.333,190.7
117.367,183.0
117.400,174.6
117.433,142.9
117.467,134.2
117.500,134.4
117.533,137.6
117.567,140.3
117.600,153.0
117.633,161.3
117.667,165.6
117.700,174.5
117.733,179.0
117.767,187.1
117.800,192.9
117.833,194.2
117.867,193.4
117.900,190.5
117.933,177.1
117.967,139.9
118.000,135.6
118.033,135.3
118.067,136.9
118.100,142.2
118.133,149.9
118.167,154.1
118.200,162.9
118.233,172.1
118.267,176.8
118.300,185.9
118.333,188.7
118.367,191.3
118.400,188.2
118.433,183.6
118.467,163.4
118.500,145.8
118.533,137.4
118.567,139.1
118.600,146.4
118.633,152.8
118.667,156.6
118.700,165.0
118.733,173.9
118.767,178.6
118.800,186.9
118.833,190.6
118.867,194.8
118.900,194.7
118.933,192.0
118.967,173.9
119.000,157.7
119.033,135.5
119.067,135.8
119.100,137.9
119.133,144.0
119.167,148.0
119.200,156.8
119.233,166.3
119.267,173.5
119.300,182.7
119.333,186.6
119.367,191.9
119.400,192.6
119.433,190.5
119.467,178.7
119.500,164.8
119.533,137.1
119.567,136.5
119.600,138.8
119.633,146.7
119.667,150.4
119.700,158.8
119.733,168.0
119.767,172.9
119.800,182.2
119.833,186.5
119.867,192.3
119.900,193.8
119.933,192.3
119.967,177.4
120.000,163.4
120.033,132.6
120.067,132.6
120.100,134.3
120.133,140.5
120.167,144.5
120.200,153.6
120.233,163.3
120.267,168.6
120.300,181.6
120.333,186.1
120.367,192.4
120.400,194.7
120.433,193.5
120.467,181.8
120.500,167.6
120.533,136.2
120.567,136.0
120.600,138.0
120.633,145.4
120.667,149.3
120.700,158.1
120.733,167.8
120.767,172.9
120.800,183.3
120.833,187.8
120.867,194.5
120.900,196.8
120.933,195.6
120.967,180.4
121.000,144.6
121.033,132.4
121.067,131.8
121.100,133.7
121.133,140.4
121.167,149.3
121.200,154.3
121.233,164.5
121.267,170.0
121.300,183.2
121.333,191.8
121.367,194.6
121.400,196.5
121.433,194.9
121.467,183.7
121.500,150.5
121.533,137.3
121.567,135.3
121.600,138.5
121.633,144.8
121.667,153.2
121.700,158.0
121.733,168.0
121.767,173.3
121.800,183.7
121.833,192.0
121.867,194.8
121.900,196.5
121.933,195.3
121.967,180.0
122.000,144.8
122.033,131.1
122.067,129.3
122.100,131.2
122.133,137.7
122.167,146.5
122.200,151.2
122.233,162.0
122.267,167.6
122.300,181.9
122.333,190.4
122.367,193.0
122.400,194.5
122.433,192.8
122.467,180.2
122.500,145.9
122.533,134.1
122.567,132.8
122.600,136.3
122.633,142.3
122.667,150.7
122.700,155.4
122.733,165.4
122.767,170.7
122.800,181.2
122.833,189.8
122.867,192.5
122.900,194.0
122.933,192.5
122.967,174.8
123.000,138.5
123.033,128.5
123.067,127.6
123.100,130.2
123.133,136.6
123.167,145.3
123.200,150.3
123.233,160.6
123.267,166.1
123.300,180.0
123.333,188.1
123.367,190.5
123.400,191.8
123.433,189.8
123.467,176.6
123.500,142.3
123.533,134.8
123.567,134.7
123.600,136.8
123.633,144.7
123.667,153.2
123.700,157.7
123.733,167.3
123.767,177.3
123.800,182.0
123.833,189.5
123.867,191.8
123.900,190.0
123.933,183.5
123.967,174.8
124.000,139.8
124.033,131.6
124.067,132.3
124.100,137.0
124.133,140.6
124.167,149.1
124.200,153.8
124.233,163.7
124.267,176.6
124.300,181.5
124.333,188.9
124.367,191.3
124.400,192.7
124.433,186.3
124.467,177.9
124.500,142.4
124.533,134.6
124.567,135.2
124.600,142.1
124.633,145.4
124.667,153.5
124.700,157.9
124.733,167.3
124.767,177.3
124.800,182.0
124.833,189.5
124.867,192.0
124.900,193.9
124.933,184.3
124.967,174.9
125.000,136.2
125.033,128.6
125.067,129.7
125.100,134.7
125.133,138.2
125.167,146.8
125.200,151.5
125.233,161.4
125.267,174.9
125.300,180.0
125.333,187.9
125.367,190.5
125.400,192.4
125.433,186.0
125.467,176.9
125.500,139.7
125.533,132.1
125.567,133.1
125.600,140.5
125.633,143.9
125.667,152.2
125.700,157.0
125.733,166.5
125.767,176.5
125.800,181.2
125.833,189.1
125.867,191.7
125.900,193.3
125.933,184.1
125.967,175.4
126.000,139.2
126.033,129.1
126.067,129.4
126.100,134.6
126.133,138.2
126.167,147.0
126.200,151.9
126.233,162.1
126.267,175.8
126.300,180.6
126.333,188.5
126.367,192.5
126.400,192.6
126.433,187.1
126.467,179.3
126.500,145.7
126.533,132.6
126.567,133.8
126.600,141.2
126.633,144.6
126.667,153.4
126.700,163.3
126.733,168.4
126.767,178.8
126.800,183.6
126.833,191.5
126.867,195.2
126.900,195.2
126.933,186.5
126.967,178.6
127.000,143.2
127.033,129.0
127.067,130.2
127.100,135.4
127.133,139.2
127.167,148.4
127.200,158.7
127.233,164.2
127.267,178.2
127.300,183.2
127.333,191.0
127.367,194.5
127.400,194.5
127.433,188.9
127.467,180.9
127.500,146.1
127.533,134.5
127.567,137.3
127.600,142.6
127.633,146.0
127.667,154.4
127.700,164.1
127.733,169.4
127.767,179.7
127.800,184.4
127.833,191.6
127.867,194.1
127.900,193.5
127.933,182.3
127.967,172.1
128.000,136.7
128.033,131.1
128.067,133.0
128.100,138.9
128.133,142.5
128.167,151.0
128.200,160.8
128.233,166.1
128.267,176.3
128.300,180.8
128.333,190.1
128.367,191.3
128.400,189.6
128.433,178.7
128.467,166.0
128.500,137.3
128.533,137.0
128.567,139.3
128.600,148.3
128.633,152.0
128.667,160.4
128.700,169.8
128.733,174.5
128.767,183.2
128.800,186.6
128.833,191.0
128.867,190.2
128.900,187.0
128.933,171.8
128.967,149.0
129.000,131.2
129.033,133.7
129.067,136.6
129.100,143.8
129.133,152.4
129.167,157.0
129.200,166.6
129.233,171.4
129.267,182.5
129.300,187.3
129.333,187.8
129.367,184.6
129.400,179.2
129.433,154.0
129.467,133.4
129.500,133.7
129.533,138.2
129.567,141.6
129.600,155.1
129.633,163.9
129.667,168.7
129.700,178.3
129.733,182.9
129.767,190.1
129.800,192.6
129.833,192.5
129.867,186.8
129.900,179.0
129.933,147.0
129.967,130.7
130.000,132.4
130.033,138.5
130.067,142.5
130.100,151.7
130.133,161.8
130.167,167.0
130.200,177.4
130.233,182.1
130.267,189.2
130.300,190.7
130.333,189.2
130.367,179.1
130.400,168.4
130.433,134.1
130.467,130.3
130.500,132.2
130.533,138.9
130.567,143.6
130.600,153.5
130.633,169.0
130.667,174.5
130.700,185.3
130.733,189.8
130.767,195.5
130.800,195.7
130.833,193.2
130.867,180.0
130.900,167.1
130.933,133.7
130.967,126.0
131.000,128.2
131.033,135.2
131.067,139.6
131.100,149.8
131.133,161.2
131.167,167.2
131.200,178.9
131.233,184.0
131.267,191.2
131.300,191.3
131.333,188.0
131.367,170.7
131.400,153.3
131.433,123.9
131.467,125.4
131.500,127.6
131.533,134.5
131.567,138.9
131.600,154.3
131.633,165.8
131.667,171.5
131.700,182.9
131.733,191.4
131.767,193.5
131.800,192.8
131.833,188.7
131.867,168.1
131.900,134.0
131.933,129.7
131.967,125.8
132.000,128.5
132.033,135.9
132.067,145.5
132.100,151.1
132.133,162.9
132.167,169.1
132.200,181.3
132.233,190.0
132.267,192.2
132.300,190.9
132.333,185.3
132.367,160.0
132.400,126.3
132.433,125.8
132.467,129.1
132.500,131.9
132.533,139.7
132.567,149.2
132.600,160.7
132.633,171.6
132.667,177.2
132.700,187.8
132.733,195.1
132.767,196.7
132.800,195.3
132.833,190.3
132.867,166.5
132.900,130.7
132.933,130.2
132.967,133.0
133.000,135.9
133.033,143.4
133.067,152.9
133.100,158.1
133.133,169.2
133.167,174.9
133.200,185.5
133.233,192.6
133.267,194.7
133.300,193.8
133.333,189.1
133.367,165.0
133.400,131.6
133.433,130.6
133.467,133.3
133.500,136.0
133.533,143.4
133.567,153.0
133.600,162.8
133.633,173.8
133.667,179.5
133.700,189.8
133.733,196.8
133.767,199.0
133.800,198.3
133.833,194.6
133.867,173.5
133.900,130.6
133.933,128.9
133.967,131.5
134.000,134.1
134.033,141.7
134.067,151.2
134.100,156.7
134.133,168.1
134.167,174.2
134.200,185.3
134.233,193.4
134.267,195.7
134.300,195.6
134.333,192.4
134.367,173.0
134.400,131.0
134.433,127.7
134.467,129.4
134.500,135.0
134.533,138.7
134.567,148.2
134.600,160.3
134.633,170.9
134.667,181.6
134.700,186.4
134.733,193.3
134.767,195.2
134.800,194.4
134.833,186.3
134.867,175.0
134.900,129.4
134.933,126.8
134.967,128.3
135.000,133.4
135.033,137.2
135.067,146.3
135.100,151.2
135.133,162.1
135.167,173.1
135.200,178.2
135.233,185.1
135.267,187.1
135.300,186.9
135.333,176.4
135.367,162.8
135.400,130.0
135.433,128.8
135.467,131.3
135.500,137.2
135.533,141.2
135.567,150.2
135.600,161.5
135.633,171.3
135.667,180.5
135.700,184.5
135.733,189.6
135.767,190.8
135.800,188.9
135.833,177.5
135.867,161.5
135.900,134.1
135.933,134.1
135.967,137.2
136.000,143.9
136.033,148.2
136.067,157.5
136.100,162.4
136.133,172.0
136.167,180.9
136.200,184.6
136.233,187.4
136.267,188.3
136.300,184.3
136.333,168.1
136.367,148.2
136.400,131.4
136.433,132.0
136.467,136.7
136.500,144.4
136.533,149.1
136.567,159.3
136.600,168.8
136.633,178.7
136.667,187.5
136.700,190.6
136.733,194.6
136.767,194.6
136.800,189.0
136.833,165.9
136.867,144.6
136.900,134.5
136.933,136.1
136.967,141.4
137.000,150.4
137.033,154.9
137.067,165.4
137.100,176.1
137.133,181.0
137.167,189.9
137.200,192.9
137.233,195.9
137.267,190.8
137.300,184.8
137.333,153.7
137.367,134.6
137.400,131.4
137.433,135.9
137.467,139.3
137.500,148.2
137.533,153.1
137.567,163.2
137.600,173.8
137.633,182.2
137.667,189.8
137.700,192.3
137.733,194.2
137.767,189.7
137.800,183.3
137.833,153.5
137.867,138.3
137.900,137.0
137.933,140.7
137.967,144.0
138.000,152.7
138.033,157.4
138.067,166.8
138.100,176.4
138.133,180.8
138.167,187.5
138.200,189.6
138.233,187.7
138.267,181.7
138.300,174.1
138.333,142.2
138.367,131.5
138.400,132.3
138.433,138.0
138.467,141.8
138.500,150.8
138.533,155.8
138.567,165.9
138.600,175.7
138.633,183.0
138.667,189.1
138.700,190.6
138.733,190.3
138.767,182.7
138.800,172.9
138.833,139.7
138.867,135.7
138.900,138.1
138.933,144.2
138.967,148.7
139.000,157.7
139.033,162.6
139.067,172.7
139.100,182.3
139.133,186.3
139.167,191.8
139.200,192.9
139.233,188.5
139.267,176.1
139.300,161.2
139.333,131.6
139.367,131.9
139.400,135.8
139.433,142.9
139.467,147.1
139.500,156.6
139.533,161.9
139.567,172.4
139.600,182.0
139.633,188.1
139.667,192.4
139.700,192.9
139.733,188.4
139.767,170.2
139.800,151.5
139.833,136.3
139.867,139.2
139.900,142.1
139.933,153.4
139.967,157.6
140.000,167.2
140.033,177.0
140.067,182.0
140.100,189.9
140.133,192.5
140.167,194.6
140.200,190.6
140.233,179.3
140.267,148.5
140.300,134.5
140.333,133.7
140.367,138.1
140.400,142.0
140.433,150.2
140.467,154.7
140.500,165.1
140.533,177.4
140.567,181.9
140.600,188.5
140.633,190.1
140.667,189.5
140.700,178.3
140.733,164.6
140.767,135.0
140.800,134.4
140.833,138.0
140.867,144.9
140.900,149.2
140.933,163.4
140.967,168.0
141.000,177.7
141.033,186.3
141.067,189.4
141.100,193.1
141.133,193.0
141.167,187.2
141.200,164.1
141.233,147.1
141.267,133.9
141.300,135.6
141.333,141.5
141.367,150.3
141.400,155.2
141.433,165.3
141.467,170.5
141.500,179.8
141.533,186.5
141.567,188.5
141.600,188.0
141.633,185.1
141.667,169.4
141.700,137.6
141.733,134.9
141.767,137.6
141.800,140.7
141.833,148.6
141.867,158.4
141.900,163.8
141.933,174.3
141.967,182.0
142.000,189.3
142.033,192.6
142.067,192.5
142.100,184.8
142.133,176.2
142.167,145.1
142.200,139.5
142.233,141.1
142.267,148.5
142.300,152.6
142.333,162.2
142.367,172.9
142.400,178.3
142.433,187.7
142.467,191.3
142.500,195.3
142.533,193.0
142.567,188.2
142.600,160.2
142.633,131.3
142.667,130.6
142.700,133.6
142.733,136.9
142.767,145.6
142.800,156.5
142.833,162.3
142.867,174.4
142.900,180.1
142.933,190.8
142.967,194.3
143.000,193.5
143.033,182.7
143.067,170.6
143.100,132.7
143.133,130.7
143.167,132.2
143.200,138.3
143.233,142.7
143.267,158.4
143.300,169.8
143.333,175.7
143.367,186.8
143.400,191.4
143.433,196.7
143.467,196.8
143.500,192.7
143.533,170.9
143.567,148.4
143.600,125.6
143.633,128.2
143.667,131.0
143.700,139.3
143.733,144.3
143.767,155.8
143.800,168.5
143.833,174.7
143.867,186.1
143.900,190.0
143.933,193.9
143.967,188.5
144.000,179.3
144.033,139.0
144.067,125.7
144.100,125.5
144.133,130.7
144.167,134.4
144.200,144.0
144.233,149.3
144.267,165.4
144.300,177.5
144.333,183.1
144.367,191.5
144.400,194.0
144.433,194.6
144.467,183.1
144.500,167.3
144.533,131.6
144.567,129.2
144.600,128.6
144.633,135.2
144.667,139.5
144.700,149.7
144.733,155.3
144.767,167.2
144.800,179.0
144.833,184.2
144.867,190.9
144.900,192.2
144.933,186.6
144.967,164.1
145.000,141.1
145.033,121.7
145.067,122.4
145.100,127.2
145.133,135.2
145.167,139.9
145.200,150.7
145.233,167.2
145.267,173.1
145.300,183.9
145.333,188.1
145.367,192.4
145.400,190.8
145.433,185.9
145.467,155.8
145.500,137.1
145.533,128.2
145.567,132.2
145.600,135.3
145.633,143.4
145.667,148.2
145.700,158.7
145.733,170.0
145.767,175.8
145.800,185.7
145.833,189.4
145.867,192.7
145.900,186.6
145.933,179.1
145.967,143.1
146.000,127.4
146.033,123.5
146.067,128.3
146.100,132.0
146.133,140.9
146.167,146.0
146.200,156.8
146.233,172.3
146.267,177.8
146.300,187.5
146.333,190.6
146.367,192.7
146.400,187.0
146.433,178.1
146.467,142.8
146.500,130.1
146.533,127.7
146.567,134.0
146.600,137.7
146.633,146.6
146.667,151.6
146.700,162.4
146.733,173.7
146.767,179.3
146.800,188.6
146.833,191.6
146.867,193.5
146.900,184.0
146.933,173.6
146.967,137.7
147.000,125.6
147.033,122.6
147.067,127.5
147.100,131.1
147.133,140.4
147.167,145.6
147.200,157.0
147.233,173.6
147.267,179.4
147.300,189.1
147.333,192.1
147.367,193.6
147.400,187.8
147.433,179.0
147.467,144.0
147.500,132.4
147.533,127.9
147.567,132.8
147.600,136.1
147.633,144.2
147.667,149.0
147.700,159.7
147.733,171.3
147.767,177.1
147.800,187.5
147.833,191.2
147.867,194.2
147.900,187.7
147.933,180.2
147.967,143.7
148.000,122.8
148.033,122.9
148.067,126.6
148.100,129.6
148.133,137.4
148.167,147.1
148.200,152.6
148.233,169.2
148.267,175.0
148.300,185.5
148.333,193.1
148.367,194.6
148.400,193.1
148.433,188.8
148.467,160.3
148.500,130.8
148.533,129.7
148.567,131.8
148.600,134.3
148.633,141.1
148.667,149.8
148.700,154.8
148.733,165.6
148.767,171.2
148.800,182.3
148.833,190.7
148.867,193.2
148.900,191.8
148.933,189.2
148.967,167.9
149.000,130.8
149.033,125.4
149.067,127.4
149.100,129.8
149.133,136.4
149.167,145.3
149.200,150.4
149.233,165.7
149.267,171.4
149.300,182.7
149.333,191.6
149.367,194.1
149.400,195.5
149.433,193.9
149.467,177.1
149.500,139.4
149.533,131.7
149.567,129.5
149.600,131.6
149.633,138.1
149.667,146.8
149.700,152.0
149.733,162.9
149.767,168.7
149.800,180.5
149.833,189.9
149.867,191.6
149.900,194.1
149.933,192.7
149.967,177.5
150.000,137.5
150.033,125.4
150.067,125.5
150.100,127.3
150.133,133.7
150.167,142.4
150.200,152.1
150.233,162.8
150.267,168.4
150.300,179.8
150.333,189.4
150.367,192.6
150.400,195.3
150.433,194.8
150.467,184.1
150.500,147.7
150.533,132.5
150.567,129.4
150.600,126.6
150.633,132.3
150.667,140.7
150.700,145.7
150.733,156.3
150.767,168.3
150.800,174.3
150.833,185.1
150.867,189.0
150.900,192.3
150.933,189.9
150.967,183.3
151.000,146.9
151.033,127.9
151.067,122.1
151.100,125.9
151.133,128.9
151.167,137.2
151.200,142.2
151.233,158.3
151.267,170.0
151.300,175.9
151.333,186.4
151.367,190.1
151.400,193.4
151.433,191.4
151.467,185.7
151.500,152.8
151.533,134.3
151.567,122.4
151.600,126.1
151.633,129.2
151.667,137.9
151.700,143.0
151.733,154.2
151.767,166.4
151.800,172.6
151.833,183.5
151.867,187.4
151.900,191.4
151.933,188.7
151.967,183.0
152.000,149.8
152.033,130.5
152.067,121.1
152.100,124.4
152.133,127.3
152.167,135.6
152.200,140.7
152.233,152.1
152.267,169.1
152.300,175.3
152.333,186.5
152.367,190.6
152.400,194.6
152.433,193.8
152.467,189.5
152.500,160.4
152.533,140.5
152.567,121.8
152.600,124.1
152.633,126.7
152.667,134.3
152.700,139.2
152.733,150.2
152.767,162.4
152.800,169.0
152.833,181.9
152.867,186.8
152.900,193.2
152.933,193.6
152.967,190.4
153.000,164.9
153.033,142.5
153.067,122.4
153.100,123.6
153.133,126.0
153.167,133.1
153.200,137.7
153.233,148.4
153.267,165.1
153.300,171.5
153.333,184.2
153.367,193.3
153.400,196.2
153.433,197.1
153.467,195.0
153.500,176.3
153.533,128.8
153.567,122.3
153.600,122.4
153.633,124.6
153.667,131.4
153.700,140.6
153.733,146.0
153.767,157.8
153.800,164.1
153.833,177.3
153.867,189.5
153.900,192.9
153.933,194.9
153.967,193.2
154.000,177.6
154.033,136.6
154.067,125.7
154.100,125.2
154.133,127.0
154.167,133.5
154.200,142.3
154.233,152.5
154.267,163.1
154.300,168.9
154.333,180.9
154.367,190.2
154.400,193.4
154.433,195.6
154.467,194.4
154.500,182.1
154.533,138.8
154.567,125.3
154.600,123.8
154.633,125.5
154.667,131.8
154.700,140.4
154.733,145.8
154.767,156.8
154.800,162.7
154.833,174.9
154.867,186.7
154.900,190.2
154.933,192.0
154.967,190.5
155.000,178.1
155.033,142.4
155.067,129.1
155.100,126.4
155.133,127.8
155.167,133.9
155.200,142.7
155.233,154.1
155.267,164.6
155.300,170.1
155.333,181.5
155.367,190.6
155.400,193.2
155.433,195.0
155.467,193.5
155.500,182.7
155.533,150.4
155.567,129.5
155.600,126.1
155.633,127.6
155.667,133.5
155.700,141.9
155.733,146.9
155.767,157.7
155.800,163.5
155.833,175.0
155.867,185.9
155.900,189.0
155.933,190.7
155.967,189.3
156.000,178.1
156.033,146.1
156.067,133.2
156.100,129.6
156.133,133.9
156.167,137.1
156.200,145.5
156.233,156.2
156.267,166.5
156.300,177.4
156.333,182.4
156.367,190.7
156.400,192.9
156.433,194.2
156.467,188.7
156.500,181.4
156.533,151.6
156.567,140.5
156.600,130.0
156.633,134.7
156.667,138.3
156.700,147.1
156.733,152.1
156.767,162.9
156.800,174.1
156.833,179.2
156.867,187.0
156.900,189.2
156.933,190.1
156.967,182.4
157.000,173.1
157.033,141.1
157.067,131.9
157.100,131.9
157.133,137.7
157.167,141.4
157.200,151.0
157.233,160.7
157.267,171.5
157.300,182.2
157.333,186.8
157.367,192.7
157.400,194.2
157.433,192.6
157.467,182.0
157.500,170.7
157.533,141.1
157.567,129.7
157.600,132.3
157.633,139.0
157.667,143.4
157.700,153.5
157.733,158.9
157.767,170.2
157.800,180.5
157.833,184.5
157.867,189.0
157.900,189.1
157.933,183.6
157.967,164.4
158.000,145.7
158.033,128.0
158.067,128.6
158.100,133.4
158.133,141.4
158.167,146.3
158.200,161.8
158.233,167.2
158.267,177.6
158.300,185.6
158.333,188.2
158.367,189.5
158.400,188.3
158.433,178.5
158.467,150.4
158.500,139.0
158.533,136.8
158.567,137.6
158.600,144.1
158.633,152.8
158.667,157.7
158.700,167.7
158.733,172.7
158.767,181.2
158.800,186.4
158.833,187.4
158.867,182.3
158.900,171.6
158.933,159.6
158.967,133.0
159.000,132.0
159.033,136.4
159.067,144.0
159.100,148.7
159.133,158.7
159.167,164.0
159.200,173.9
159.233,184.5
159.267,186.7
159.300,187.8
159.333,186.7
159.367,178.9
159.400,156.0
159.433,141.6
159.467,138.8
159.500,141.1
159.533,148.1
159.567,161.7
159.600,166.5
159.633,176.0
159.667,180.6
159.700,187.4
159.733,191.1
159.767,191.2
159.800,187.8
159.833,183.6
159.867,157.2
159.900,135.1
159.933,136.0
159.967,140.8
160.000,144.7
160.033,154.1
160.067,164.2
160.100,169.4
160.133,178.7
160.167,182.4
160.200,186.6
160.233,185.3
160.267,182.2
160.300,166.3
160.333,149.3
160.367,134.3
160.400,137.9
160.433,141.0
160.467,149.1
160.500,154.0
160.533,164.0
160.567,177.8
160.600,181.7
160.633,187.1
160.667,188.4
160.700,186.5
160.733,176.8
160.767,166.1
160.800,140.8
160.833,140.9
160.867,146.4
160.900,153.4
160.933,157.5
160.967,166.4
161.000,171.0
161.033,179.4
161.067,185.3
161.100,186.9
161.133,187.0
161.167,185.2
161.200,169.0
161.233,139.3
161.267,135.2
161.300,137.6
161.333,140.5
161.367,148.3
161.400,157.6
161.433,162.5
161.467,172.2
161.500,180.3
161.533,183.3
161.567,186.6
161.600,186.0
161.633,178.9
161.667,153.9
161.700,137.6
161.733,135.3
161.767,137.0
161.800,143.4
161.833,152.5
161.867,163.3
161.900,173.4
161.933,178.1
161.967,186.3
162.000,190.9
162.033,191.5
162.067,189.0
162.100,185.4
162.133,163.8
162.167,138.9
162.200,136.1
162.233,139.7
162.267,142.9
162.300,151.3
162.333,161.2
162.367,167.0
162.400,177.0
162.433,181.3
162.467,187.1
162.500,188.4
162.533,186.9
162.567,175.1
162.600,164.6
162.633,131.4
162.667,129.6
162.700,131.3
162.733,137.5
162.767,141.5
162.800,151.2
162.833,162.1
162.867,172.0
162.900,181.4
162.933,184.9
162.967,188.0
163.000,185.4
163.033,181.5
163.067,164.0
163.100,147.5
163.133,133.9
163.167,136.5
163.200,142.6
163.233,149.4
163.267,153.5
163.300,162.5
163.333,172.0
163.367,176.7
163.400,184.5
163.433,186.6
163.467,187.6
163.500,182.3
163.533,177.1
163.567,146.9
163.600,134.7
163.633,131.3
163.667,135.2
163.700,138.7
163.733,146.6
163.767,151.1
163.800,160.9
163.833,171.0
163.867,175.8
163.900,184.8
163.933,186.6
163.967,186.1
164.000,179.0
164.033,172.7
164.067,147.7
164.100,136.9
164.133,136.1
164.167,140.3
164.200,149.0
164.233,157.1
164.267,166.5
164.300,171.4
164.333,181.2
164.367,185.8
164.400,192.5
164.433,194.6
164.467,193.6
164.500,186.4
164.533,179.9
164.567,157.7
164.600,134.6
164.633,135.0
164.667,139.3
164.700,142.7
164.733,151.0
164.767,160.8
164.800,165.8
164.833,176.0
164.867,180.8
164.900,189.0
164.933,192.2
164.967,191.9
165.000,184.2
165.033,177.0
165.067,155.2
165.100,136.2
165.133,136.3
165.167,140.1
165.200,149.1
165.233,156.7
165.267,165.9
165.300,171.1
165.333,180.9
165.367,185.6
165.400,193.1
165.433,196.5
165.467,196.6
165.500,191.1
165.533,184.3
165.567,161.9
165.600,133.9
165.633,133.6
165.667,137.4
165.700,140.5
165.733,148.4
165.767,158.1
165.800,163.2
165.833,174.1
165.867,179.2
165.900,187.9
165.933,193.4
165.967,193.5
166.000,188.4
166.033,181.5
166.067,153.4
166.100,134.3
166.133,134.6
166.167,138.2
166.200,141.4
166.233,155.5
166.267,165.1
166.300,170.3
166.333,180.6
166.367,185.5
166.400,193.2
166.433,196.4
166.467,195.9
166.500,190.0
166.533,183.7
166.567,144.0
166.600,130.3
166.633,131.0
166.667,135.9
166.700,139.5
166.733,148.9
166.767,159.9
166.800,165.7
166.833,177.5
166.867,187.9
166.900,191.5
166.933,195.8
166.967,194.6
167.000,185.7
167.033,162.1
167.067,142.1
167.100,133.6
167.133,134.8
167.167,140.4
167.200,149.1
167.233,159.6
167.267,170.6
167.300,176.4
167.333,188.1
167.367,197.7
167.400,200.5
167.433,201.8
167.467,199.9
167.500,190.4
167.533,156.2
167.567,137.4
167.600,132.1
167.633,133.8
167.667,140.1
167.700,149.5
167.733,154.9
167.767,166.8
167.800,173.2
167.833,184.9
167.867,193.9
167.900,196.5
167.933,198.1
167.967,195.8
168.000,183.7
168.033,151.7
168.067,136.2
168.100,135.2
168.133,137.4
168.167,144.2
168.200,153.9
168.233,163.7
168.267,175.2
168.300,181.0
168.333,191.1
168.367,197.9
168.400,199.8
168.433,198.8
168.467,195.6
168.500,180.4
168.533,138.0
168.567,134.6
168.600,137.7
168.633,140.6
168.667,148.8
168.700,159.2
168.733,164.7
168.767,176.3
168.800,181.6
168.833,190.3
168.867,194.4
168.900,194.6
168.933,188.1
168.967,180.3
169.000,150.1
169.033,138.0
169.067,139.5
169.100,145.5
169.133,149.5
169.167,158.7
169.200,168.8
169.233,178.1
169.267,187.0
169.300,190.5
169.333,194.1
169.367,192.1
169.400,189.3
169.433,177.9
169.467,167.4
169.500,148.6
169.533,151.0
169.567,151.1
169.600,158.9
169.633,167.6
169.667,172.0
169.700,180.5
169.733,184.3
169.767,189.7
169.800,191.1
169.833,190.2
169.867,182.0
169.900,176.8
169.933,159.9
169.967,150.0
170.000,151.6
170.033,157.6
170.067,161.4
170.100,169.4
170.133,177.3
170.167,181.1
170.200,187.1
170.233,190.2
170.267,191.6
170.300,188.6
170.333,185.2
170.367,173.2
170.400,165.7
170.433,154.7
170.467,157.1
170.500,159.8
170.533,166.5
170.567,172.8
170.600,180.6
170.633,187.9
170.667,191.0
170.700,195.4
170.733,196.4
170.767,195.4
170.800,188.6
170.833,183.3
170.867,168.4
170.900,162.9
170.933,160.8
170.967,164.1
171.000,166.5
171.033,172.7
171.067,176.3
171.100,183.5
171.133,189.6
171.167,191.7
171.200,193.6
171.233,192.9
171.267,187.7
171.300,177.2
171.333,171.0
171.367,158.8
171.400,157.9
171.433,160.6
171.467,165.7
171.500,168.9
171.533,176.2
171.567,182.5
171.600,189.1
171.633,193.7
171.667,195.0
171.700,194.5
171.733,192.4
171.767,183.3
171.800,169.4
171.833,160.9
171.867,154.8
171.900,155.0
171.933,159.7
171.967,166.8
172.000,170.6
172.033,178.4
172.067,182.1
172.100,189.0
172.133,193.5
172.167,194.6
172.200,191.5
172.233,188.5
172.267,177.5
172.300,159.2
172.333,150.5
172.367,147.2
172.400,150.5
172.433,153.9
172.467,162.5
172.500,167.4
172.533,176.8
172.567,188.8
172.600,192.2
172.633,196.2
172.667,196.2
172.700,192.1
172.733,183.9
172.767,178.6
172.800,165.6
172.833,156.3
172.867,148.4
172.900,150.6
172.933,153.2
172.967,160.7
173.000,165.3
173.033,174.1
173.067,182.1
173.100,185.3
173.133,189.6
173.167,190.6
173.200,188.4
173.233,185.6
173.267,182.4
173.300,170.2
173.333,160.5
173.367,143.0
173.400,143.1
173.433,145.1
173.467,151.5
173.500,155.6
173.533,168.7
173.567,176.6
173.600,179.8
173.633,185.3
173.667,187.8
173.700,191.1
173.733,191.7
173.767,189.9
173.800,179.2
173.833,169.0
173.867,136.8
173.900,135.9
173.933,137.9
173.967,144.3
174.000,148.5
174.033,158.2
174.067,168.3
174.100,173.3
174.133,182.5
174.167,186.0
174.200,190.2
174.233,189.8
174.267,186.6
174.300,169.2
174.333,150.5
174.367,129.2
174.400,130.7
174.433,133.1
174.467,140.1
174.500,144.6
174.533,161.7
174.567,172.1
174.600,177.1
174.633,186.8
174.667,190.4
174.700,194.4
174.733,192.2
174.767,187.9
174.800,163.4
174.833,138.6
174.867,129.5
174.900,132.5
174.933,135.3
174.967,142.7
175.000,151.9
175.033,156.9
175.067,167.4
175.100,172.8
175.133,182.2
175.167,187.4
175.200,187.2
175.233,183.1
175.267,176.8
175.300,146.6
175.333,128.9
175.367,129.7
175.400,134.1
175.433,137.4
175.467,145.6
175.500,159.4
175.533,164.3
175.567,174.0
175.600,178.6
175.633,185.6
175.667,188.3
175.700,187.8
175.733,181.8
175.767,174.3
175.800,143.7
175.833,134.7
175.867,136.3
175.900,141.8
175.933,145.7
175.967,154.1
176.000,163.1
176.033,167.9
176.067,176.7
176.100,180.3
176.133,185.2
176.167,186.0
176.200,181.6
176.233,170.1
176.267,156.3
176.300,131.3
176.333,133.7
176.367,136.3
176.400,143.4
176.433,147.9
176.467,157.0
176.500,170.3
176.533,174.8
176.567,182.1
176.600,184.5
176.633,186.5
176.667,183.4
176.700,178.8
176.733,154.9
176.767,140.7
176.800,138.5
176.833,145.8
176.867,149.0
176.900,156.9
176.933,161.2
176.967,169.7
177.000,177.8
177.033,181.2
177.067,185.7
177.100,186.5
177.133,184.7
177.167,175.2
177.200,164.3
177.233,133.6
177.267,133.6
177.300,137.2
177.333,143.3
177.367,147.1
177.400,155.1
177.433,159.3
177.467,167.3
177.500,174.0
177.533,176.3
177.567,178.4
177.600,177.7
177.633,170.9
177.667,149.3
177.700,137.3
177.733,137.1
177.767,142.0
177.800,145.8
177.833,158.7
177.867,163.1
177.900,172.3
177.933,180.8
177.967,184.5
178.000,189.4
178.033,190.2
178.067,186.9
178.100,173.0
178.133,159.7
178.167,139.7
178.200,136.0
178.233,140.1
178.267,148.1
178.300,153.0
178.333,164.1
178.367,170.0
178.400,181.4
178.433,190.8
178.467,193.8
178.500,193.1
178.533,190.9
178.567,176.0
178.600,141.3
178.633,130.2
178.667,131.2
178.700,133.6
178.733,141.4
178.767,151.7
178.800,157.4
178.833,169.8
178.867,176.0
178.900,191.0
178.933,197.3
178.967,198.3
179.000,194.2
179.033,188.2
179.067,161.8
179.100,137.3
179.133,138.0
179.167,142.7
179.200,146.4
179.233,158.2
179.267,169.3
179.300,175.0
179.333,186.7
179.367,191.9
179.400,199.9
179.433,202.4
179.467,201.1
179.500,185.6
179.533,173.1
179.567,137.4
179.600,136.1
179.633,138.4
179.667,145.9
179.700,150.5
179.733,161.6
179.767,173.9
179.800,180.1
179.833,194.0
179.867,198.9
179.900,205.3
179.933,204.7
179.967,201.0
180.000,181.0
180.033,159.2
180.067,140.1
180.100,142.5
180.133,145.5
180.167,153.7
180.200,158.7
180.233,174.7
180.267,185.8
180.300,191.5
180.333,201.2
180.367,207.9
180.400,209.5
180.433,207.8
180.467,203.0
180.500,169.1
180.533,136.9
180.567,136.2
180.600,139.5
180.633,142.8
180.667,151.4
180.700,162.0
180.733,167.6
180.767,179.6
180.800,185.6
180.833,196.5
180.867,204.4
180.900,206.0
180.933,202.8
180.967,196.0
181.000,162.0
181.033,133.4
181.067,132.6
181.100,135.9
181.133,139.2
181.167,147.8
181.200,164.8
181.233,169.6
181.267,180.1
181.300,185.4
181.333,194.8
181.367,201.2
181.400,202.2
181.433,199.8
181.467,196.1
181.500,178.0
181.533,132.3
181.567,129.6
181.600,131.4
181.633,133.9
181.667,141.5
181.700,150.6
181.733,155.2
181.767,165.5
181.800,171.2
181.833,182.7
181.867,192.4
181.900,195.1
181.933,195.4
181.967,192.7
182.000,178.6
182.033,144.7
182.067,131.2
182.100,130.4
182.133,132.0
182.167,138.1
182.200,152.4
182.233,156.7
182.267,166.7
182.300,172.1
182.333,182.9
182.367,192.3
182.400,195.4
182.433,197.2
182.467,196.2
182.500,188.5
182.533,167.5
182.567,140.1
182.600,130.1
182.633,131.0
182.667,135.7
182.700,142.8
182.733,146.4
182.767,155.3
182.800,160.3
182.833,170.5
182.867,182.2
182.900,185.9
182.933,189.3
182.967,189.2
183.000,184.6
183.033,173.0
183.067,161.5
183.100,136.3
183.133,136.8
183.167,139.1
183.200,147.9
183.233,152.1
183.267,160.3
183.300,169.1
183.333,173.9
183.367,183.0
183.400,186.9
183.433,191.8
183.467,192.1
183.500,190.3
183.533,176.8
183.567,166.0
183.600,133.9
183.633,131.1
183.667,132.8
183.700,139.3
183.733,143.4
183.767,153.3
183.800,164.6
183.833,170.3
183.867,184.7
183.900,189.4
183.933,195.6
183.967,195.8
184.000,193.3
184.033,180.5
184.067,167.2
184.100,136.7
184.133,135.6
184.167,137.7
184.200,146.3
184.233,150.4
184.267,160.1
184.300,170.8
184.333,176.5
184.367,187.0
184.400,191.4
184.433,196.6
184.467,196.0
184.500,193.3
184.533,173.6
184.567,158.0
184.600,130.9
184.633,132.6
184.667,135.1
184.700,142.3
184.733,146.8
184.767,156.9
184.800,167.9
184.833,175.7
184.867,185.8
184.900,189.8
184.933,194.4
184.967,193.3
185.000,190.1
185.033,175.8
185.067,162.0
185.100,135.9
185.133,138.1
185.167,140.7
185.200,151.0
185.233,155.4
185.267,165.3
185.300,175.7
185.333,180.9
185.367,189.8
185.400,193.3
185.433,197.0
185.467,195.4
185.500,192.2
185.533,173.9
185.567,160.0
185.600,133.7
185.633,136.6
185.667,139.7
185.700,147.9
185.733,157.9
185.767,163.0
185.800,173.2
185.833,179.6
185.867,188.0
185.900,192.9
185.933,193.8
185.967,191.9
186.000,188.4
186.033,171.9
186.067,140.0
186.100,138.2
186.133,142.0
186.167,145.4
186.200,157.5
186.233,167.1
186.267,172.1
186.300,181.3
186.333,185.2
186.367,191.2
186.400,193.8
186.433,193.8
186.467,189.6
186.500,184.3
186.533,154.5
186.567,137.6
186.600,139.1
186.633,145.2
186.667,149.5
186.700,159.1
186.733,169.7
186.767,175.0
186.800,184.5
186.833,188.3
186.867,192.8
186.900,192.2
186.933,189.1
186.967,174.1
187.000,159.8
187.033,139.6
187.067,142.4
187.100,145.5
187.133,153.8
187.167,163.4
187.200,173.1
187.233,182.4
187.267,186.6
187.300,192.0
187.333,193.1
187.367,191.5
187.400,183.8
187.433,175.6
187.467,147.9
187.500,145.8
187.533,144.3
187.567,150.9
187.600,155.4
187.633,164.9
187.667,169.9
187.700,179.4
187.733,187.1
187.767,189.7
187.800,190.8
187.833,187.0
187.867,176.4
187.900,151.7
187.933,139.1
187.967,138.3
188.000,140.4
188.033,147.1
188.067,156.7
188.100,161.9
188.133,172.5
188.167,180.0
188.200,187.8
188.233,191.7
188.267,191.8
188.300,185.5
188.333,178.6
188.367,155.2
188.400,140.7
188.433,141.4
188.467,145.8
188.500,158.3
188.533,163.1
188.567,173.0
188.600,178.1
188.633,187.4
188.667,194.2
188.700,195.9
188.733,195.2
188.767,191.9
188.800,177.9
188.833,144.5
188.867,140.4
188.900,141.5
188.933,144.2
188.967,152.1
189.000,162.2
189.033,167.6
189.067,178.5
189.100,183.8
189.133,192.8
189.167,197.3
189.200,197.5
189.233,190.4
189.267,183.3
189.300,159.6
189.333,142.8
189.367,141.8
189.400,144.7
189.433,147.7
189.467,155.3
189.500,163.9
189.533,168.1
189.567,180.0
189.600,183.8
189.633,189.9
189.667,192.5
189.700,192.0
189.733,185.9
189.767,179.5
189.800,152.6
189.833,140.0
189.867,140.6
189.900,145.2
189.933,148.8
189.967,157.2
190.000,166.3
190.033,171.0
190.067,179.8
190.100,183.6
190.133,188.2
190.167,188.1
190.200,183.0
190.233,165.8
190.267,147.9
190.300,133.8
190.333,136.5
190.367,139.6
190.400,148.1
190.433,153.4
190.467,164.7
190.500,179.4
190.533,184.4
190.567,192.2
190.600,194.6
190.633,196.0
190.667,189.2
190.700,180.2
190.733,146.4
190.767,140.6
190.800,141.1
190.833,148.8
190.867,152.6
190.900,162.4
190.933,168.1
190.967,179.1
191.000,189.1
191.033,193.2
191.067,198.2
191.100,199.3
191.133,196.9
191.167,175.5
191.200,159.1
191.233,133.7
191.267,134.3
191.300,136.5
191.333,143.4
191.367,147.9
191.400,158.3
191.433,169.5
191.467,174.9
191.500,184.4
191.533,187.9
191.567,192.2
191.600,189.4
191.633,184.3
191.667,161.1
191.700,139.2
191.733,129.6
191.767,132.0
191.800,134.6
191.833,142.4
191.867,147.2
191.900,164.1
191.933,175.3
191.967,180.9
192.000,190.0
192.033,193.2
192.067,195.6
192.100,192.0
192.133,186.8
192.167,164.0
192.200,134.0
192.233,123.2
192.267,124.9
192.300,127.4
192.333,134.4
192.367,138.9
192.400,149.6
192.433,161.3
192.467,170.3
192.500,181.2
192.533,185.9
192.567,191.1
192.600,190.7
192.633,187.3
192.667,171.3
192.700,155.3
192.733,124.6
192.767,123.4
192.800,124.6
192.833,134.4
192.867,137.9
192.900,146.5
192.933,156.9
192.967,162.0
193.000,173.1
193.033,178.9
193.067,188.7
193.100,194.7
193.133,195.7
193.167,192.3
193.200,181.8
193.233,157.8
193.267,124.4
193.300,122.2
193.333,122.3
193.367,123.7
193.400,129.2
193.433,137.4
193.467,142.1
193.500,158.4
193.533,163.4
193.567,174.3
193.600,184.6
193.633,189.1
193.667,195.0
193.700,196.2
193.733,194.5
193.767,185.4
193.800,175.9
193.833,138.0
193.867,122.4
193.900,122.3
193.933,125.2
193.967,128.0
194.000,134.9
194.033,143.3
194.067,147.7
194.100,157.4
194.133,162.6
194.167,173.0
194.200,186.1
194.233,189.2
194.267,192.2
194.300,191.7
194.333,185.4
194.367,163.7
194.400,142.2
194.433,125.7
194.467,125.7
194.500,129.7
194.533,135.7
194.567,139.1
194.600,147.6
194.633,151.9
194.667,161.9
194.700,173.3
194.733,178.8
194.767,188.7
194.800,192.1
194.833,192.7
194.867,187.8
194.900,180.2
194.933,145.5
194.967,126.6
195.000,119.8
195.033,122.7
195.067,124.9
195.100,131.5
195.133,135.8
195.167,145.9
195.200,162.6
195.233,168.5
195.267,180.5
195.300,186.2
195.333,195.2
195.367,199.2
195.400,198.9
195.433,187.6
195.467,173.8
195.500,122.8
195.533,114.5
195.567,114.8
195.600,118.3
195.633,121.0
195.667,128.7
195.700,138.6
195.733,144.3
195.767,156.6
195.800,163.2
195.833,180.3
195.867,191.9
195.900,195.7
195.933,198.8
195.967,196.7
196.000,177.6
196.033,136.9
196.067,121.5
196.100,118.6
196.133,119.2
196.167,123.0
196.200,134.0
196.233,138.5
196.267,148.6
196.300,154.2
196.333,166.7
196.367,180.4
196.400,186.8
196.433,196.8
196.467,200.1
196.500,199.6
196.533,178.5
196.567,159.5
196.600,119.7
196.633,117.6
196.667,118.7
196.700,122.7
196.733,126.7
196.767,135.7
196.800,146.7
196.833,157.2
196.867,169.7
196.900,175.7
196.933,187.8
196.967,196.7
197.000,198.7
197.033,195.7
197.067,189.8
197.100,158.3
197.133,119.9
197.167,117.5
197.200,118.9
197.233,122.0
197.267,128.9
197.300,138.6
197.333,144.0
197.367,156.4
197.400,162.7
197.433,176.0
197.467,189.6
197.500,194.5
197.533,199.8
197.567,199.1
197.600,186.6
197.633,147.2
197.667,127.6
197.700,118.4
197.733,120.7
197.767,125.6
197.800,133.3
197.833,143.7
197.867,154.7
197.900,161.3
197.933,173.6
197.967,186.4
198.000,192.3
198.033,200.2
198.067,202.5
198.100,201.7
198.133,184.6
198.167,155.3
198.200,120.7
198.233,118.9
198.267,121.3
198.300,127.4
198.333,131.5
198.367,141.4
198.400,147.2
198.433,159.4
198.467,172.4
198.500,178.8
198.533,192.6
198.567,195.9
198.600,198.1
198.633,191.6
198.667,181.6
198.700,142.5
198.733,128.4
198.767,125.2
198.800,129.1
198.833,135.4
198.867,143.8
198.900,148.8
198.933,159.4
198.967,170.7
199.000,176.5
199.033,187.6
199.067,192.0
199.100,197.3
199.133,196.6
199.167,188.0
199.200,163.6
199.233,141.5
199.267,122.1
199.300,123.4
199.333,125.7
199.367,133.0
199.400,143.0
199.433,148.7
199.467,165.4
199.500,171.5
199.533,184.1
199.567,195.5
199.600,199.9
199.633,204.8
199.667,204.2
199.700,194.7
199.733,168.5
199.767,142.4
199.800,129.0
199.833,124.2
199.867,128.6
199.900,135.5
199.933,140.4
199.967,150.9
200.000,156.6
200.033,169.9
200.067,182.8
200.100,189.1
200.133,199.4
200.167,201.7
200.200,201.6
200.233,182.8
200.267,162.1
200.300,125.5
200.333,125.0
200.367,128.5
200.400,136.4
200.433,141.6
200.467,160.8
200.500,166.7
200.533,178.6
200.567,189.2
200.600,193.4
200.633,198.4
200.667,200.0
200.700,199.3
200.733,190.2
200.767,179.6
200.800,146.3
200.833,145.8
200.867,150.9
200.900,159.8
200.933,165.2
200.967,176.2
201.000,181.4
201.033,190.7
201.067,198.1
201.100,200.6
201.133,201.5
201.167,194.3
201.200,179.6
201.233,169.8
201.267,163.3
201.300,142.5
201.333,140.0
201.367,139.9
201.400,142.5
201.433,144.7
201.467,149.9
201.500,152.6
201.533,164.8
201.567,168.3
201.600,169.4
201.633,169.8
201.667,169.0
201.700,166.1
201.733,162.6
201.767,161.4
201.800,158.2
201.833,158.1
201.867,159.0
201.900,160.9
201.933,161.9
201.967,164.7
202.000,168.7
202.033,170.8
202.067,174.7
202.100,176.3
202.133,179.0
202.167,179.9
202.200,180.9
202.233,178.9
202.267,175.5
202.300,165.8
202.333,151.6
202.367,142.2
202.400,137.9
202.433,139.3
202.467,151.2
202.500,159.0
202.533,163.7
202.567,173.7
202.600,178.9
202.633,189.0
202.667,197.9
202.700,200.7
202.733,199.8
202.767,195.3
202.800,180.8
202.833,163.1
202.867,147.7
202.900,132.5
202.933,131.2
202.967,130.7
203.000,132.3
203.033,133.9
203.067,138.2
203.100,140.7
203.133,145.7
203.167,157.1
203.200,159.5
203.233,164.0
203.267,166.0
203.300,169.0
203.333,171.0
203.367,171.9
203.400,173.0
203.433,172.9
203.467,172.2
203.500,169.4
203.533,169.8
203.567,171.9
203.600,173.6
203.633,177.7
203.667,182.3
203.700,184.7
203.733,188.9
203.767,190.8
203.800,191.6
203.833,192.3
203.867,191.9
203.900,188.9
203.933,185.8
203.967,178.9
204.000,177.3
204.033,177.6
204.067,179.4
204.100,180.5
204.133,183.7
204.167,187.1
204.200,189.5
204.233,191.9
204.267,192.4
204.300,191.4
204.333,188.4
204.367,186.6
204.400,183.5
204.433,182.7
204.467,183.2
204.500,184.6
204.533,185.8
204.567,188.6
204.600,190.2
204.633,193.0
204.667,194.9
204.700,195.6
204.733,195.8
204.767,194.1
204.800,192.3
204.833,184.0
204.867,181.4
204.900,179.2
204.933,180.4
204.967,181.8
205.000,185.3
205.033,186.7
205.067,189.7
205.100,191.4
205.133,191.5
205.167,190.1
205.200,188.8
205.233,185.9
205.267,183.4
205.300,182.4
205.333,180.9
205.367,180.4
205.400,179.6
205.433,179.7
205.467,179.8
205.500,179.6
205.533,180.4
205.567,182.9
205.600,185.2
205.633,185.9
205.667,185.9
205.700,185.2
205.733,180.8
205.767,173.5
205.800,170.1
205.833,167.3
205.867,167.8
205.900,170.6
205.933,174.6
205.967,176.6
206.000,179.9
206.033,181.0
206.067,181.4
206.100,177.8
206.133,174.2
206.167,165.4
206.200,163.4
206.233,162.6
206.267,164.8
206.300,166.5
206.333,170.6
206.367,172.7
206.400,176.3
206.433,178.0
206.467,178.1
206.500,175.2
206.533,173.4
206.567,170.4
206.600,169.2
206.633,168.9
206.667,168.7
206.700,169.1
206.733,169.1
206.767,167.7
206.800,166.4
206.833,165.4
206.867,166.3
206.900,168.6
206.933,172.0
206.967,173.7
207.000,175.7
207.033,176.1
207.067,175.0
207.100,169.9
207.133,165.8
207.167,151.9
207.200,148.7
207.233,149.5
207.267,153.8
207.300,157.1
207.333,164.1
207.367,171.2
207.400,174.4
207.433,179.3
207.467,180.6
207.500,179.8
207.533,177.0
