5.000,142.3
5.033,145.5
5.067,150.0
5.100,160.0
5.133,165.6
5.167,171.5
5.200,178.0
5.233,184.3
5.267,190.5
5.300,196.5
5.333,202.0
5.367,206.5
5.400,209.7
5.433,211.8
5.467,212.4
5.500,211.1
5.533,207.1
5.567,198.2
5.600,182.5
5.633,151.7
5.667,136.8
5.700,135.5
5.733,136.0
5.767,138.3
5.800,141.7
5.833,146.2
5.867,151.7
5.900,157.5
5.933,164.0
5.967,170.6
6.000,177.7
6.033,184.9
6.067,191.7
6.100,197.8
6.133,202.8
6.167,207.2
6.200,210.1
6.233,210.9
6.267,208.7
6.300,203.7
6.333,195.0
6.367,180.6
6.400,157.9
6.433,138.7
6.467,136.4
6.500,137.0
6.533,139.0
6.567,142.5
6.600,146.9
6.633,152.4
6.667,158.1
6.700,164.6
6.733,176.0
6.767,182.4
6.800,189.4
6.833,195.6
6.867,201.5
6.900,206.6
6.933,210.1
6.967,212.6
7.000,213.6
7.033,211.4
7.067,207.1
7.100,199.7
7.133,187.9
7.167,168.5
7.200,148.3
7.233,141.1
7.267,141.4
7.300,143.4
7.333,146.3
7.367,150.9
7.400,156.0
7.433,161.7
7.467,168.2
7.500,174.6
7.533,181.7
7.567,188.8
7.600,195.6
7.633,201.8
7.667,207.2
7.700,210.9
7.733,213.5
7.767,214.0
7.800,211.2
7.833,206.2
7.867,198.7
7.900,186.7
7.933,167.5
7.967,145.9
8.000,141.7
8.033,142.6
8.067,144.5
8.100,147.8
8.133,152.1
8.167,157.8
8.200,163.8
8.233,170.4
8.267,177.1
8.300,184.5
8.333,194.8
8.367,201.6
8.400,207.0
8.433,211.3
8.467,214.7
8.500,216.8
8.533,217.0
8.567,214.9
8.600,211.1
8.633,204.2
8.667,192.4
8.700,174.7
8.733,155.5
8.767,151.6
8.800,151.4
8.833,153.4
8.867,156.5
8.900,161.0
8.933,166.1
8.967,171.7
9.000,177.5
9.033,183.9
9.067,190.6
9.100,196.7
9.133,202.4
9.167,207.4
9.200,212.2
9.233,215.8
9.267,218.3
9.300,219.2
9.333,218.5
9.367,215.1
9.400,204.2
9.433,187.4
9.467,170.6
9.500,153.2
9.533,149.5
9.567,150.0
9.600,152.1
9.633,155.5
9.667,159.4
9.700,164.2
9.733,169.2
9.767,175.0
9.800,181.1
9.833,187.7
9.867,194.3
9.900,200.1
9.933,205.8
9.967,212.5
10.000,215.6
10.033,217.8
10.067,218.3
10.100,216.2
10.133,211.5
10.167,199.7
10.200,186.8
10.233,173.6
10.267,160.3
10.300,157.9
10.333,157.6
10.367,160.1
10.400,162.7
10.433,169.6
10.467,173.8
10.500,178.9
10.533,183.7
10.567,189.4
10.600,195.4
10.633,200.6
10.667,206.2
10.700,210.9
10.733,214.6
10.767,217.3
10.800,218.6
10.833,218.4
10.867,215.8
10.900,210.6
10.933,201.2
10.967,191.5
11.000,175.9
11.033,163.1
11.067,158.0
11.100,156.5
11.133,157.6
11.167,160.1
11.200,163.5
11.233,167.2
11.267,171.7
11.300,176.3
11.333,181.3
11.367,186.5
11.400,191.9
11.433,197.1
11.467,201.7
11.500,205.6
11.533,208.8
11.567,210.9
11.600,211.6
11.633,210.3
11.667,206.4
11.700,199.3
11.733,188.1
11.767,174.2
11.800,157.9
11.833,153.9
11.867,153.5
11.900,154.6
11.933,157.2
11.967,160.7
12.000,164.5
12.033,173.0
12.067,177.8
12.100,182.8
12.133,187.8
12.167,192.8
12.200,197.9
12.233,202.2
12.267,205.7
12.300,208.2
12.333,209.4
12.367,208.9
12.400,206.3
12.433,201.0
12.467,192.3
12.500,180.2
12.533,163.6
12.567,158.9
12.600,154.4
12.633,155.5
12.667,157.8
12.700,160.8
12.733,164.6
12.767,169.2
12.800,173.8
12.833,178.7
12.867,184.2
12.900,189.5
12.933,194.2
12.967,198.2
13.000,201.7
13.033,204.2
13.067,205.5
13.100,204.9
13.133,200.5
13.167,195.6
13.200,188.7
13.233,180.1
13.267,167.8
13.300,157.3
13.333,155.5
13.367,155.8
13.400,157.6
13.433,160.8
13.467,164.3
13.500,168.5
13.533,172.4
13.567,177.1
13.600,181.7
13.633,189.2
13.667,194.2
13.700,198.8
13.733,203.1
13.767,206.6
13.800,209.4
13.833,210.9
13.867,210.8
13.900,208.5
13.933,204.2
13.967,197.1
14.000,186.7
14.033,179.1
14.067,165.6
14.100,158.0
14.133,156.5
14.167,157.3
14.200,159.3
14.233,162.6
14.267,165.8
14.300,169.8
14.333,174.0
14.367,179.0
14.400,184.1
14.433,189.9
14.467,195.6
14.500,201.3
14.533,206.3
14.567,210.5
14.600,213.2
14.633,214.5
14.667,214.0
14.700,211.1
14.733,201.3
14.767,188.1
14.800,174.5
14.833,156.2
14.867,144.9
14.900,143.9
14.933,144.9
14.967,147.3
15.000,150.5
15.033,154.7
15.067,158.9
15.100,164.1
15.133,169.6
15.167,176.1
15.200,182.8
15.233,189.5
15.267,195.4
15.300,203.2
15.333,207.4
15.367,210.4
15.400,211.7
15.433,211.5
15.467,209.0
15.500,202.9
15.533,192.3
15.567,176.8
15.600,155.9
15.633,144.7
15.667,144.1
15.700,145.5
15.733,148.3
15.767,152.2
15.800,156.3
15.833,163.8
15.867,168.9
15.900,174.2
15.933,179.8
15.967,185.9
16.000,191.9
16.033,197.7
16.067,202.4
16.100,206.6
16.133,209.5
16.167,211.3
16.200,211.4
16.233,209.4
16.267,204.2
16.300,195.4
16.333,174.9
16.367,150.2
16.400,137.5
16.433,137.1
16.467,138.6
16.500,141.6
16.533,145.6
16.567,150.6
16.600,155.5
16.633,161.3
16.667,167.0
16.700,173.3
16.733,179.8
16.767,186.5
16.800,192.7
16.833,199.9
16.867,204.7
16.900,208.4
16.933,210.5
16.967,211.3
17.000,209.7
17.033,204.9
17.067,196.6
17.100,183.9
17.133,161.2
17.167,143.4
17.200,140.8
17.233,141.3
17.267,143.1
17.300,146.7
17.333,151.1
17.367,160.4
17.400,165.2
17.433,170.6
17.467,176.3
17.500,182.2
17.533,188.2
17.567,195.0
17.600,200.9
17.633,205.8
17.667,209.8
17.700,212.6
17.733,213.7
17.767,213.0
17.800,210.3
17.833,205.2
17.867,196.2
17.900,180.2
17.933,151.1
17.967,143.8
18.000,143.7
18.033,145.4
18.067,148.3
18.100,152.6
18.133,156.6
18.167,161.2
18.200,166.1
18.233,171.4
18.267,177.0
18.300,183.6
18.333,190.1
18.367,196.7
18.400,202.7
18.433,208.8
18.467,212.9
18.500,215.7
18.533,216.5
18.567,215.4
18.600,212.2
18.633,205.2
18.667,190.6
18.700,165.2
18.733,146.4
18.767,145.1
18.800,146.0
18.833,148.5
18.867,152.1
18.900,156.4
18.933,160.9
18.967,170.7
19.000,176.2
19.033,182.0
19.067,188.1
19.100,194.1
19.133,199.7
19.167,205.0
19.200,209.2
19.233,212.7
19.267,214.9
19.300,215.5
19.333,214.3
19.367,211.1
19.400,205.2
19.433,195.7
19.467,176.7
19.500,153.5
19.533,139.3
19.567,139.4
19.600,140.9
19.633,144.2
19.667,148.1
19.700,153.0
19.733,158.3
19.767,164.5
19.800,171.0
19.833,178.0
19.867,184.9
19.900,192.2
19.933,198.8
19.967,204.2
20.000,209.0
20.033,212.3
20.067,214.0
20.100,213.6
20.133,210.6
20.167,204.5
20.200,192.2
20.233,168.8
20.267,142.7
20.300,135.7
20.333,135.6
20.367,137.4
20.400,140.1
20.433,144.3
20.467,149.2
20.500,154.8
20.533,160.8
20.567,173.0
20.600,179.8
20.633,187.0
20.667,194.0
20.700,200.7
20.733,206.3
20.767,211.0
20.800,214.2
20.833,215.9
20.867,215.7
20.900,213.8
20.933,209.2
20.967,198.9
21.000,179.4
21.033,152.2
21.067,141.6
21.100,140.8
21.133,137.5
21.167,139.9
21.200,143.8
21.233,148.2
21.267,153.3
21.300,158.9
21.333,165.2
21.367,171.7
21.400,178.9
21.433,185.7
21.467,192.8
21.500,199.1
21.533,204.8
21.567,209.1
21.600,212.1
21.633,213.3
21.667,212.0
21.700,208.5
21.733,200.7
21.767,184.4
21.800,156.7
21.833,137.7
21.867,134.3
21.900,135.3
21.933,137.5
21.967,140.9
22.000,144.7
22.033,149.7
22.067,154.8
22.100,160.7
22.133,166.5
22.167,177.8
22.200,183.9
22.233,190.3
22.267,196.1
22.300,201.3
22.333,205.5
22.367,208.7
22.400,210.3
22.433,210.2
22.467,208.3
22.500,203.7
22.533,193.3
22.567,172.8
22.600,150.9
22.633,141.9
22.667,141.7
22.700,143.2
22.733,143.9
22.767,148.2
22.800,152.7
22.833,157.6
22.867,163.0
22.900,168.9
22.933,175.1
22.967,181.2
23.000,187.1
23.033,193.1
23.067,198.6
23.100,203.1
23.133,206.7
23.167,208.7
23.200,209.0
23.233,207.3
23.267,201.1
23.300,193.1
23.333,177.1
23.367,152.2
23.400,137.0
23.433,134.8
23.467,135.8
23.500,138.5
23.533,142.0
23.567,146.7
23.600,151.9
23.633,157.3
23.667,163.1
23.700,169.5
23.733,176.1
23.767,185.8
23.800,191.7
23.833,197.0
23.867,201.8
23.900,205.7
23.933,208.7
23.967,210.0
24.000,209.0
24.033,206.2
24.067,200.6
24.100,191.7
24.133,174.7
24.167,153.6
24.200,145.2
24.233,144.9
24.267,146.9
24.300,150.3
24.333,154.0
24.367,158.9
24.400,163.8
24.433,174.5
24.467,179.7
24.500,185.1
24.533,190.2
24.567,195.1
24.600,199.3
24.633,203.4
24.667,206.4
24.700,208.4
24.733,208.8
24.767,207.7
24.800,204.4
24.833,195.7
24.867,183.2
24.900,161.1
24.933,144.8
24.967,142.8
25.000,143.8
25.033,146.3
25.067,150.3
25.100,155.2
25.133,160.5
25.167,165.8
25.200,171.6
25.233,177.3
25.267,182.9
25.300,188.2
25.333,194.9
25.367,199.3
25.400,203.2
25.433,206.2
25.467,208.0
25.500,208.3
25.533,206.9
25.567,203.2
25.600,196.4
25.633,183.8
25.667,161.8
25.700,147.3
25.733,146.1
25.767,147.4
25.800,150.1
25.833,153.7
25.867,162.3
25.900,167.2
25.933,172.1
25.967,177.1
26.000,182.7
26.033,188.6
26.067,194.0
26.100,199.0
26.133,203.2
26.167,206.8
26.200,209.1
26.233,210.1
26.267,209.0
26.300,206.2
26.333,200.9
26.367,190.4
26.400,171.1
26.433,155.4
26.467,152.3
26.500,147.9
26.533,150.4
26.567,154.1
26.600,158.2
26.633,163.2
26.667,168.0
26.700,173.3
26.733,178.6
26.767,184.5
26.800,190.0
26.833,195.0
26.867,199.1
26.900,202.5
26.933,205.0
26.967,205.1
27.000,203.6
27.033,200.4
27.067,194.4
27.100,183.8
27.133,166.0
27.167,151.7
27.200,148.9
27.233,150.9
27.267,154.0
27.300,157.9
27.333,162.2
27.367,167.1
27.400,172.1
27.433,177.5
27.467,184.9
27.500,190.4
27.533,195.3
27.567,199.7
27.600,203.1
27.633,205.9
27.667,207.2
27.700,207.2
27.733,205.6
27.767,201.7
27.800,194.4
27.833,182.4
27.867,163.8
27.900,153.0
27.933,153.2
27.967,155.1
28.000,158.0
28.033,163.2
28.067,167.7
28.100,172.5
28.133,177.5
28.167,182.9
28.200,188.4
28.233,193.7
28.267,197.8
28.300,201.9
28.333,204.7
28.367,206.8
28.400,207.3
28.433,206.6
28.467,203.8
28.500,198.1
28.533,187.2
28.567,171.4
28.600,150.0
28.633,148.0
28.667,149.3
28.700,151.8
28.733,155.5
28.767,160.1
28.800,165.2
28.833,170.4
28.867,176.0
28.900,181.8
28.933,187.3
28.967,192.3
29.000,196.9
29.033,200.4
29.067,203.2
29.100,204.7
29.133,204.4
29.167,202.0
29.200,196.1
29.233,185.3
29.267,169.1
29.300,150.5
29.333,147.3
29.367,147.9
29.400,150.3
29.433,153.9
29.467,158.4
29.500,163.4
29.533,168.9
29.567,174.6
29.600,180.4
29.633,189.1
29.667,194.3
29.700,198.7
29.733,202.5
29.767,205.3
29.800,206.9
29.833,207.0
29.867,205.2
29.900,200.1
29.933,191.6
29.967,178.2
30.000,159.5
30.033,152.2
30.067,152.1
30.100,153.7
30.133,156.7
30.167,161.1
30.200,166.9
30.233,172.3
30.267,177.6
30.300,183.7
30.333,189.5
30.367,195.2
30.400,200.0
30.433,204.5
30.467,207.9
30.500,210.1
30.533,210.7
30.567,209.3
30.600,205.1
30.633,197.5
30.667,181.1
30.700,165.0
30.733,148.1
30.767,146.2
30.800,146.8
30.833,149.4
30.867,153.3
30.900,158.5
30.933,164.1
30.967,170.5
31.000,177.2
31.033,184.0
31.067,190.3
31.100,196.9
31.133,202.4
31.167,207.2
31.200,210.6
31.233,212.9
31.267,213.3
31.300,210.6
31.333,204.1
31.367,193.8
31.400,178.0
31.433,158.1
31.467,144.8
31.500,144.0
31.533,145.0
31.567,148.0
31.600,152.1
31.633,157.8
31.667,163.6
31.700,170.3
31.733,180.9
31.767,187.9
31.800,194.6
31.833,200.6
31.867,206.0
31.900,210.7
31.933,214.3
31.967,216.3
32.000,214.5
32.033,214.5
32.067,208.9
32.100,199.2
32.133,183.2
32.167,160.7
32.200,146.5
32.233,145.7
32.267,145.4
32.300,148.1
32.333,151.8
32.367,157.0
32.400,162.4
32.433,168.8
32.467,175.1
32.500,181.8
32.533,188.3
32.567,194.8
32.600,200.7
32.633,205.9
32.667,210.0
32.700,213.1
32.733,214.3
32.767,213.4
32.800,209.8
32.833,199.8
32.867,185.2
32.900,159.9
32.933,138.3
32.967,134.1
33.000,135.8
33.033,137.5
33.067,140.9
33.100,145.5
33.133,150.9
33.167,157.2
33.200,163.8
33.233,170.7
33.267,177.5
33.300,184.9
33.333,191.4
33.367,197.3
33.400,204.9
33.433,208.9
33.467,211.4
33.500,212.2
33.533,210.8
33.567,205.7
33.600,179.1
33.633,179.1
33.667,151.9
33.700,137.7
33.733,136.3
33.767,137.7
33.800,139.6
33.833,141.7
33.867,147.2
33.900,152.5
33.933,161.5
33.967,167.5
34.000,173.9
34.033,180.9
34.067,187.2
34.100,193.8
34.133,199.0
34.167,204.3
34.200,208.2
34.233,210.9
34.267,212.0
34.300,211.4
34.333,207.7
34.367,200.0
34.400,184.0
34.433,151.3
34.467,133.1
34.500,131.4
34.533,131.3
34.567,132.9
34.600,136.4
34.633,140.7
34.667,145.0
34.700,150.0
34.733,155.8
34.767,162.3
34.800,168.9
34.833,176.0
34.867,183.3
34.900,190.3
34.933,196.7
34.967,204.4
35.000,208.6
35.033,211.5
35.067,212.7
35.100,211.6
35.133,207.4
35.167,199.0
35.200,181.9
35.233,155.1
35.267,137.9
35.300,136.0
35.333,136.0
35.367,137.7
35.400,139.9
35.433,143.6
35.467,147.8
35.500,153.1
35.533,162.4
35.567,168.7
35.600,175.0
35.633,181.7
35.667,188.3
35.700,195.3
35.733,201.7
35.767,207.4
35.800,211.7
35.833,215.0
35.867,217.0
35.900,216.9
35.933,214.4
35.967,209.0
36.000,198.4
36.033,170.3
36.067,143.3
36.100,134.6
36.133,133.8
36.167,134.9
36.200,136.8
36.233,140.1
36.267,143.9
36.300,148.7
36.333,154.0
36.367,159.7
36.400,165.5
36.433,172.4
36.467,179.4
36.500,186.6
36.533,193.4
36.567,202.1
36.600,207.6
36.633,212.3
36.667,215.3
36.700,216.8
36.733,215.5
36.767,212.3
36.800,205.0
36.833,191.4
36.867,165.6
36.900,143.4
36.933,138.2
36.967,138.1
37.000,139.1
37.033,141.5
37.067,148.1
37.100,152.2
37.133,156.3
37.167,161.2
37.200,166.4
37.233,172.6
37.267,178.7
37.300,185.3
37.333,191.6
37.367,198.3
37.400,204.4
37.433,209.6
37.467,213.7
37.500,216.3
37.533,216.9
37.567,215.2
37.600,210.9
37.633,197.7
37.667,178.4
37.700,149.7
37.733,135.6
37.767,133.7
37.800,134.2
37.833,136.2
37.867,139.1
37.900,142.9
37.933,147.2
37.967,152.0
38.000,157.3
38.033,163.6
38.067,170.0
38.100,176.8
38.133,183.4
38.167,193.2
38.200,199.6
38.233,205.4
38.267,210.2
38.300,213.7
38.333,215.3
38.367,214.8
38.400,212.0
38.433,205.3
38.467,190.9
38.500,166.3
38.533,145.2
38.567,139.4
38.600,139.2
38.633,140.8
38.667,143.4
38.700,146.8
38.733,150.9
38.767,155.3
38.800,160.0
38.833,165.7
38.867,171.8
38.900,178.1
38.933,184.3
38.967,191.2
39.000,197.4
39.033,203.2
39.067,207.8
39.100,211.4
39.133,213.3
39.167,211.9
39.200,208.9
39.233,202.9
39.267,189.7
39.300,167.2
39.333,144.0
39.367,134.4
39.400,134.0
39.433,135.3
39.467,137.4
39.500,140.9
39.533,144.7
39.567,149.1
39.600,153.8
39.633,159.5
39.667,165.3
39.700,171.7
39.733,178.1
39.767,188.5
39.800,194.4
39.833,200.1
39.867,204.9
39.900,208.3
39.933,210.3
39.967,210.2
40.000,207.8
40.033,202.2
40.067,190.9
40.100,171.7
40.133,151.4
40.167,141.2
40.200,140.6
40.233,141.7
40.267,143.7
40.300,147.1
40.333,150.5
40.367,154.6
40.400,159.1
40.433,164.4
40.467,169.8
40.500,175.8
40.533,181.8
40.567,188.2
40.600,193.9
40.633,199.4
40.667,203.4
40.700,206.5
40.733,207.7
40.767,207.1
40.800,204.5
40.833,196.4
40.867,184.8
40.900,164.1
40.933,146.5
40.967,137.9
41.000,138.0
41.033,139.6
41.067,142.3
41.100,145.7
41.133,149.9
41.167,154.2
41.200,158.7
41.233,163.9
41.267,169.4
41.300,175.4
41.333,181.3
41.367,190.4
41.400,196.0
41.433,200.4
41.467,204.1
41.500,206.4
41.533,206.7
41.567,205.3
41.600,201.7
41.633,194.7
41.667,182.3
41.700,164.0
41.733,151.5
41.767,148.1
41.800,148.3
41.833,151.2
41.867,154.3
41.900,158.1
41.933,161.7
41.967,166.0
42.000,170.2
42.033,175.1
42.067,180.0
42.100,185.1
42.133,189.9
42.167,195.0
42.200,199.1
42.233,202.7
42.267,204.8
42.300,205.4
42.333,204.6
42.367,201.7
42.400,193.0
42.433,183.2
42.467,166.3
42.500,152.5
42.533,146.8
42.567,148.3
42.600,151.1
42.633,154.7
42.667,158.8
42.700,163.4
42.733,167.9
42.767,172.6
42.800,177.0
42.833,182.1
42.867,186.7
42.900,191.5
42.933,195.5
42.967,200.2
43.000,203.2
43.033,205.2
43.067,205.6
43.100,204.5
43.133,201.9
43.167,196.9
43.200,188.5
43.233,174.5
43.267,159.2
43.300,155.3
43.333,156.8
43.367,159.7
43.400,163.2
43.433,167.0
43.467,174.1
43.500,178.2
43.533,182.2
43.567,186.3
43.600,190.4
43.633,194.6
43.667,198.5
43.700,201.8
43.733,204.5
43.767,206.6
43.800,207.2
43.833,206.7
43.867,200.9
43.900,193.7
43.933,181.6
43.967,159.0
44.000,153.1
44.033,154.4
44.067,156.6
44.100,159.6
44.133,162.7
44.167,166.1
44.200,169.8
44.233,174.1
44.267,178.7
44.300,183.7
44.333,188.6
44.367,192.8
44.400,196.7
44.433,200.2
44.467,202.4
44.500,203.6
44.533,203.6
44.567,202.0
44.600,197.5
44.633,189.8
44.667,177.2
44.700,158.5
44.733,151.3
44.767,152.6
44.800,155.0
44.833,158.0
44.867,160.9
44.900,164.2
44.933,168.0
44.967,172.5
45.000,177.6
45.033,185.3
45.067,189.8
45.100,194.3
45.133,198.2
45.167,201.6
45.200,203.8
45.233,204.7
45.267,204.4
45.300,202.3
45.333,198.1
45.367,190.9
45.400,178.4
45.433,161.1
45.467,155.3
45.500,156.7
45.533,159.5
45.567,163.2
45.600,166.8
45.633,171.1
45.667,174.9
45.700,179.2
45.733,183.7
45.767,188.3
45.800,192.8
45.833,197.0
45.867,200.6
45.900,203.4
45.933,205.3
45.967,205.8
46.000,204.5
46.033,201.9
46.067,197.0
46.100,188.8
46.133,173.6
46.167,158.3
46.200,150.1
46.233,152.0
46.267,155.0
46.300,159.5
46.333,164.0
46.367,168.8
46.400,173.6
46.433,178.5
46.467,183.2
46.500,188.0
46.533,192.5
46.567,196.9
46.600,200.5
46.633,203.8
46.667,205.4
46.700,205.7
46.733,204.3
46.767,201.1
46.800,195.2
46.833,185.7
46.867,167.7
46.900,153.1
46.933,151.7
46.967,154.0
47.000,157.3
47.033,161.7
47.067,166.1
47.100,171.0
47.133,176.1
47.167,184.8
47.200,189.8
47.233,194.7
47.267,199.1
47.300,203.4
47.333,206.9
47.367,209.7
47.400,210.7
47.433,210.6
47.467,208.6
47.500,204.9
47.533,197.5
47.567,185.6
47.600,165.7
47.633,155.9
47.667,156.1
47.700,158.4
47.733,161.5
47.767,165.4
47.800,168.7
47.833,173.3
47.867,178.1
47.900,183.3
47.933,188.3
47.967,193.8
48.000,198.8
48.033,203.8
48.067,207.7
48.100,210.8
48.133,212.5
48.167,213.0
48.200,211.2
48.233,207.0
48.267,198.2
48.300,181.0
48.333,159.5
48.367,149.2
48.400,149.3
48.433,151.7
48.467,154.9
48.500,158.7
48.533,162.4
48.567,166.9
48.600,171.6
48.633,176.9
48.667,182.2
48.700,188.3
48.733,193.9
48.767,199.3
48.800,203.9
48.833,209.5
48.867,211.6
48.900,212.4
48.933,211.6
48.967,208.7
49.000,202.1
49.033,189.5
49.067,170.1
49.100,155.8
49.133,154.6
49.167,156.2
49.200,158.7
49.233,162.1
49.267,165.7
49.300,169.7
49.333,173.8
49.367,179.0
49.400,186.9
49.433,192.5
49.467,197.5
49.500,202.4
49.533,206.3
49.567,209.3
49.600,211.2
49.633,211.3
49.667,210.5
49.700,207.9
49.733,203.4
49.767,193.5
49.800,178.4
49.833,162.6
49.867,153.7
49.900,154.6
49.933,156.9
49.967,160.3
50.000,164.4
50.033,168.8
50.067,173.5
50.100,178.6
50.133,184.0
50.167,189.7
50.200,195.4
50.233,200.6
50.267,204.9
50.300,208.3
50.333,210.3
50.367,210.4
50.400,209.7
50.433,207.2
50.467,201.9
50.500,193.6
50.533,180.1
50.567,162.4
50.600,150.8
50.633,150.4
50.667,151.7
50.700,154.5
50.733,158.1
50.767,162.5
50.800,167.2
50.833,173.0
50.867,178.5
50.900,184.5
50.933,192.8
50.967,198.4
51.000,203.0
51.033,206.9
51.067,209.3
51.100,210.5
51.133,210.1
51.167,208.1
51.200,204.1
51.233,197.5
51.267,186.8
51.300,171.6
51.333,153.2
51.367,149.4
51.400,149.7
51.433,151.7
51.467,154.9
51.500,159.5
51.533,165.0
51.567,170.5
51.600,176.1
51.633,182.4
51.667,188.5
51.700,194.6
51.733,200.4
51.767,205.5
51.800,209.3
51.833,211.8
51.867,212.6
51.900,211.6
51.933,208.8
51.967,200.7
52.000,189.5
52.033,172.1
52.067,149.1
52.100,139.0
52.133,138.5
52.167,140.3
52.200,143.3
52.233,147.6
52.267,152.5
52.300,158.5
52.333,164.4
52.367,170.9
52.400,177.4
52.433,184.6
52.467,191.2
52.500,197.0
52.533,203.6
52.567,207.4
52.600,209.5
52.633,209.6
52.667,208.0
52.700,203.4
52.733,194.8
52.767,179.0
52.800,154.9
52.833,142.5
52.867,141.5
52.900,143.0
52.933,145.5
52.967,149.3
53.000,153.8
53.033,159.0
53.067,164.5
53.100,170.4
53.133,180.3
53.167,186.8
53.200,192.6
53.233,198.0
53.267,202.7
53.300,206.5
53.333,208.7
53.367,209.8
53.400,209.0
53.433,206.0
53.467,199.8
53.500,187.7
53.533,166.1
53.567,150.7
53.600,146.8
53.633,141.5
53.667,143.7
53.700,147.8
53.733,152.0
53.767,156.9
53.800,161.8
53.833,167.8
53.867,173.9
53.900,180.1
53.933,185.9
53.967,192.2
54.000,197.2
54.033,201.7
54.067,204.8
54.100,206.5
54.133,206.2
54.167,203.8
54.200,198.0
54.233,186.2
54.267,164.1
54.300,145.2
54.333,140.9
54.367,142.3
54.400,144.5
54.433,148.4
54.467,152.6
54.500,157.6
54.533,162.6
54.567,168.4
54.600,174.6
54.633,180.8
54.667,190.4
54.700,196.2
54.733,201.1
54.767,205.3
54.800,208.3
54.833,209.6
54.867,209.5
54.900,207.4
54.933,202.3
54.967,192.5
55.000,172.5
